Model and Training Parameters:
Model_Architecture: Chain(Dense(7 => 28), LayerNorm(28, relu), Dense(28 => 28), LayerNorm(28, relu), Dense(28 => 500))
Training_IDs: [56, 35, 110, 60, 30, 6, 67, 234, 215, 219, 73, 272, 182, 253, 115, 153, 164, 112, 185, 139, 13, 4, 242, 183, 224, 177, 179, 12, 111, 23, 264, 41, 43, 69, 68, 85, 82, 119, 125, 39, 77, 216, 126, 172, 71, 156, 59, 124, 27, 10, 211, 261, 144, 127, 100, 257, 230, 141, 187, 213, 135, 189, 109, 161, 107, 46, 249, 57, 88, 120, 238, 78, 133, 258, 72, 24, 252, 137, 22, 154, 190, 121, 237, 206, 270, 33, 113, 231, 245, 174, 254, 165, 269, 123, 265, 268, 136, 197, 45, 233, 196, 262, 275, 151, 239, 63, 54, 91, 62, 205, 158, 150, 218, 58, 28, 148, 188, 92, 36, 235, 204, 162, 84, 95, 25, 203, 7, 76, 232, 34, 243, 194, 240, 147, 42, 87, 167, 140, 157, 248, 16, 180, 160, 19, 49, 44, 31, 217, 74, 94, 29, 212, 225, 228, 102, 159, 259, 70, 21, 229, 193, 163, 38, 226, 192, 101, 223, 221, 17, 198, 89, 3, 80, 96, 51, 178, 149, 246, 155, 143, 65, 15, 97, 134]
Date_and_Time: 2024-10-09T20:10:21.050
Optimizer: Adam(0.001)
Batch_Size: 8
Total_Epochs: 1000
Test_IDs: [220, 64, 186, 251, 267, 90, 86, 168, 207, 263, 104, 52, 75, 11, 171, 130, 108, 66, 103, 208, 2, 26, 116, 273, 79, 200, 20, 81, 195, 9, 227, 138, 222, 276, 152, 247, 241, 170, 129, 209, 236, 250, 260, 8, 184, 37, 1, 83, 201, 99, 14, 40, 142, 5, 55, 114, 32, 117, 145, 210, 191, 244, 176, 122, 199, 173, 256, 98, 118, 50, 93, 18, 132, 169, 202, 255, 266, 146, 106, 61, 128, 131, 105, 53, 271, 47, 175, 166, 214, 274, 181, 48]
Parameter_Ranges: [(0.013, 0.031), (0.098, 0.233), (1.16, 1.48), (13.6, 31.4), (1.0133779264214047, 3.0), (0.0, 90.0), (0.10234113712374583, 0.7976588628762543)]
