Model and Training Parameters:
Model_Architecture: Chain(Dense(7 => 28, relu), Dropout(0.5), Dense(28 => 28, relu), Dropout(0.5), Dense(28 => 500))
Training_IDs: [56, 110, 60, 220, 234, 67, 215, 219, 272, 164, 153, 112, 267, 139, 13, 86, 168, 263, 207, 104, 242, 183, 224, 177, 12, 75, 23, 111, 264, 41, 171, 11, 69, 82, 85, 130, 125, 119, 39, 126, 108, 71, 172, 280, 59, 124, 10, 2, 211, 261, 26, 27, 144, 116, 273, 257, 100, 279, 79, 230, 81, 141, 278, 187, 213, 135, 9, 189, 46, 152, 247, 241, 170, 88, 120, 238, 260, 78, 133, 72, 258, 24, 8, 252, 137, 22, 83, 201, 99, 237, 121, 281, 270, 40, 231, 113, 245, 174, 254, 165, 142, 269, 5, 114, 55, 123, 265, 32, 117, 197, 45, 196, 275, 210, 151, 239, 54, 63, 191, 91, 62, 150, 176, 122, 58, 199, 28, 173, 148, 256, 188, 277, 36, 98, 118, 162, 84, 7, 34, 50, 243, 42, 132, 140, 157, 202, 169, 16, 160, 19, 49, 44, 266, 217, 146, 74, 106, 212, 228, 128, 159, 259, 70, 193, 38, 229, 163, 131, 192, 223, 271, 47, 175, 166, 198, 214, 89, 3, 178, 96, 51, 80, 274, 149, 246, 155, 48, 97]
Date_and_Time: 2024-10-07T16:50:53.840
Optimizer: Adam(0.001)
Batch_Size: 8
Total_Epochs: 5000
Test_IDs: [35, 30, 6, 73, 182, 115, 185, 64, 186, 251, 253, 90, 4, 52, 179, 43, 68, 77, 216, 66, 103, 156, 208, 127, 200, 20, 195, 227, 138, 222, 109, 161, 107, 276, 249, 57, 129, 209, 236, 250, 184, 37, 1, 154, 190, 206, 14, 33, 268, 136, 145, 282, 233, 262, 205, 244, 158, 218, 92, 235, 204, 25, 95, 203, 76, 232, 93, 18, 194, 240, 147, 87, 167, 248, 180, 255, 31, 61, 29, 94, 225, 102, 21, 226, 101, 105, 221, 17, 53, 181, 143, 15, 65, 134]
Parameter_Ranges: [(0.013, 0.031), (0.098, 0.233), (1.16, 1.48), (13.6, 31.4), (1.0133779264214047, 3.0), (0.0, 90.0), (0.10234113712374583, 0.8)]
