Model and Training Parameters:
Date_and_Time: 2024-10-28T19:14:53.578
Total_Runtime: 0h 20m 5.49s
Random_Seed_Number: 4343
Model_Architecture: Chain(Dense(5 => 20, celu), Dense(20 => 1))
Optimizer: Adam(0.0001)
Optimizer_FULL_Details: Leaf(Adam(0.0001, (0.9, 0.999)
Batch_Size: 4
Total_Epochs: 50000
Best_Epoch: 45835
Best_Training_Loss: 0.02179224813608635
Best_Validation_Loss: 0.051701378140547524
Huber_Loss_delta_param: 1
orig_Training_IDs: [2, 2, 5, 6, 11, 13, 13, 19, 20, 20, 21, 21, 26, 27, 28, 29, 32, 32, 33, 33, 34, 38, 42, 43, 44, 47, 50, 55, 56, 56, 57, 62, 64, 65, 65, 66, 68, 70, 71, 71, 72, 74, 75, 76, 77, 78, 79, 79, 80, 81, 83, 83, 84, 84, 86, 87, 88, 92, 96, 98, 99, 102, 104, 109, 109, 110, 112, 114, 115, 115, 116, 117, 118, 119, 120, 120, 123, 126, 129, 130, 130, 131, 135, 136, 137, 143, 146, 147, 147, 151, 155, 156, 158, 159, 159, 160, 169, 171, 173, 173, 179, 179, 184, 185, 187, 188, 189, 190, 192, 194, 195, 196, 199, 199, 200, 202, 204, 205, 206, 209, 209, 211, 212, 214, 215, 215, 217, 219, 219, 220, 221, 222, 224, 225, 227, 228, 229, 231, 232, 237, 240, 241, 246, 247, 248, 251, 256, 258, 259, 260, 261, 263, 264, 268, 269, 275, 276, 277, 277, 278, 279, 281, 282, 283, 287, 290, 290, 294, 296]
orig_Test_IDs: [12, 17, 22, 26, 29, 40, 46, 48, 60, 60, 66, 73, 89, 103, 124, 137, 138, 140, 150, 153, 157, 160, 176, 183, 191, 196, 207, 208, 210, 222, 223, 230, 242, 253, 255, 257, 265, 266, 268, 283, 285, 289]
Sample_Ratio_Train_to_Val: 169/42
