Model and Training Parameters:
Model_Architecture: Chain(Dense(7 => 28), Dropout(0.2), LayerNorm(28, relu), Dense(28 => 28), Dropout(0.2), LayerNorm(28, relu), Dense(28 => 500))
Training_IDs: [56, 35, 110, 30, 6, 234, 219, 73, 272, 182, 251, 115, 253, 164, 186, 267, 139, 4, 13, 86, 168, 207, 104, 183, 224, 52, 179, 12, 75, 171, 11, 68, 69, 43, 85, 130, 125, 119, 126, 71, 66, 156, 280, 208, 2, 261, 211, 144, 127, 116, 273, 100, 257, 230, 79, 81, 200, 195, 279, 141, 187, 9, 189, 227, 222, 109, 161, 276, 107, 46, 249, 247, 152, 241, 170, 88, 209, 120, 250, 78, 260, 133, 72, 24, 184, 252, 1, 137, 83, 190, 121, 237, 206, 270, 33, 231, 113, 174, 254, 165, 142, 269, 5, 123, 114, 268, 32, 136, 117, 45, 233, 196, 262, 275, 210, 239, 191, 91, 205, 150, 176, 28, 173, 188, 92, 277, 98, 235, 204, 118, 162, 84, 95, 25, 93, 50, 243, 18, 240, 194, 167, 87, 42, 248, 157, 202, 169, 16, 180, 160, 19, 49, 217, 31, 146, 106, 29, 212, 225, 228, 128, 259, 159, 193, 38, 131, 192, 101, 223, 105, 221, 17, 53, 175, 166, 89, 214, 80, 178, 96, 51, 274, 149, 181, 155, 246, 65, 97]
Date_and_Time: 2024-10-07T17:51:29.591
Optimizer: Adam(0.001)
Batch_Size: 8
Total_Epochs: 1000
Test_IDs: [60, 220, 67, 215, 153, 112, 185, 64, 90, 263, 242, 177, 23, 111, 264, 41, 82, 39, 77, 216, 108, 172, 103, 59, 10, 27, 26, 124, 20, 278, 213, 135, 138, 57, 129, 236, 238, 258, 8, 37, 22, 154, 201, 99, 281, 14, 40, 245, 55, 265, 145, 197, 151, 54, 63, 62, 244, 158, 218, 122, 58, 199, 148, 256, 36, 7, 203, 76, 232, 34, 147, 132, 140, 255, 44, 266, 74, 61, 94, 102, 70, 21, 163, 229, 226, 271, 47, 198, 3, 143, 48, 15, 134]
Parameter_Ranges: [(0.013, 0.031), (0.098, 0.233), (1.16, 1.48), (13.6, 31.4), (1.0133779264214047, 3.0), (0.0, 90.0), (0.10234113712374583, 0.8)]
