Model and Training Parameters:
orig_Training_IDs: [1, 7, 9, 11, 12, 17, 18, 21, 22, 34, 35, 43, 44, 46, 49, 53, 59, 62, 64, 70, 72, 76, 77, 87, 90, 91, 99, 106, 107, 110, 115, 120, 127, 128, 132, 135, 136, 138, 148, 149, 150, 151, 152, 163, 171, 173, 178, 182, 183, 184, 185, 191, 198, 199, 208, 210, 211, 213, 218, 222, 240, 243, 246, 251, 257, 264, 267, 273, 274, 277, 279, 281, 289, 294, 298, 299]
Total_Runtime: 0h 6m 49.67s
Best_Training_Loss: 0.28061998870272964
orig_Test_IDs: [10, 26, 27, 33, 50, 51, 56, 67, 71, 74, 75, 79, 81, 92, 105, 116, 160, 161, 168, 190, 196, 219, 229, 233, 235, 236, 238, 245, 258, 262, 263, 271, 272, 275, 276, 278, 291, 293]
Parameter_Ranges: [(0.013277591973244147, 0.5), (0.5, 1.9899665551839463), (0.013, 0.030698996655518396), (0.09935451505016722, 0.2320969899665552), (0.1, 0.5933110367892976)]
Random_Seed_Number: 1234
Best_Validation_Loss: 0.4325018148602154
Best_Epoch: 9677
Total_Epochs: 10000
Model_Architecture: Chain(Dense(5 => 20, celu), Dropout(0.2), Dense(20 => 20, celu), Dropout(0.2), Dense(20 => 200))
Date_and_Time: 2024-10-19T23:29:01.364
Optimizer: Adam(0.001)
Batch_Size: 4
