Model and Training Parameters:
Date_and_Time: 2024-10-28T22:25:16.731
Total_Runtime: 0h 6m 32.22s
Random_Seed_Number: 1234
Model_Architecture: Chain(Dense(7 => 28, celu), Dropout(0.2), Dense(28 => 28, celu), Dropout(0.2), Dense(28 => 200))
Optimizer: Adam(0.001)
Optimizer_FULL_Details: Leaf(Adam(0.001, (0.9, 0.999)
Batch_Size: 8
Total_Epochs: 10000
Best_Epoch: 9938
Best_Training_Loss: 0.1401974410779424
Best_Validation_Loss: 0.17460517135121933
orig_Training_IDs: [1, 2, 3, 4, 5, 6, 7, 8, 9, 10, 12, 13, 14, 15, 16, 17, 18, 19, 20, 24, 25, 26, 27, 28, 29, 30, 34, 35, 36, 37, 39, 40, 41, 42, 43, 44, 45, 46, 47, 48, 50, 51, 52, 54, 55, 56, 57, 58, 59, 60, 61, 62, 65, 67, 68, 69, 70, 71, 72, 73, 74, 76, 77, 78, 79, 81, 82, 83, 84, 86, 87, 88, 91, 92, 93, 94, 95, 96, 98, 99, 102, 103, 106, 107, 108, 109, 113, 114, 115, 116, 117, 118, 120, 122, 123, 125, 127, 128, 129, 130, 131, 133, 134, 135, 136, 139, 140, 141, 142, 143, 144, 145, 146, 149, 150, 151, 152, 153, 155, 156, 159, 160, 161, 163, 164, 165, 166, 167, 168, 169, 171, 172, 173, 174, 176, 178, 179, 180, 181, 182, 183, 184, 185, 186, 187, 188, 189, 190, 192, 193, 194, 196, 197, 198, 199, 201, 202, 203, 205, 206, 207, 209, 210, 211, 212, 214, 215, 216, 218, 220, 221, 222, 223, 225, 226, 227, 228, 230, 231, 232, 233, 234, 235, 238, 239, 241, 242, 243, 246, 247, 248, 249, 250, 251, 252, 253, 254, 255, 256, 257, 258, 260, 262, 263, 264, 266, 267, 268, 269, 270, 271, 273, 274, 275, 277, 278, 282, 284, 285, 286, 287, 288, 289, 290, 291, 295, 296, 297, 298, 299, 300]
orig_Test_IDs: [11, 21, 23, 31, 32, 33, 49, 53, 63, 66, 75, 80, 85, 89, 90, 97, 101, 104, 105, 110, 111, 112, 121, 124, 132, 137, 138, 148, 154, 157, 158, 162, 170, 175, 177, 191, 195, 200, 204, 213, 217, 219, 224, 229, 236, 237, 244, 245, 261, 272, 279, 280, 281, 283, 292, 293, 294]
Sample_Ratio_Train_to_Val: 231/57
