Model and Training Parameters:
Date_and_Time: 2024-10-28T10:11:34.664
Total_Runtime: 0h 0m 56.44s
Random_Seed_Number: 1212
Model_Architecture: Chain(Dense(5 => 20, celu), Dense(20 => 150))
Optimizer: Adam(0.001)
Optimizer_FULL_Details: Leaf(Adam(0.001, (0.9, 0.999)
Batch_Size: 4
Total_Epochs: 5000
Best_Epoch: 4943
Best_Training_Loss: 0.21595295657194893
Best_Validation_Loss: 0.2751091778575599
orig_Training_IDs: [5, 12, 13, 15, 19, 20, 21, 22, 28, 29, 33, 38, 43, 47, 48, 50, 57, 64, 66, 68, 70, 71, 72, 79, 80, 81, 84, 88, 99, 103, 109, 117, 120, 121, 123, 124, 126, 129, 130, 137, 138, 139, 143, 147, 151, 153, 155, 157, 158, 159, 160, 169, 171, 173, 192, 196, 197, 199, 200, 202, 204, 205, 206, 208, 209, 215, 219, 221, 223, 224, 229, 230, 231, 232, 240, 247, 253, 257, 261, 263, 264, 265, 268, 269, 276, 281, 282, 283, 287, 289, 290, 296]
orig_Test_IDs: [2, 11, 26, 27, 32, 56, 60, 65, 78, 83, 89, 104, 114, 115, 179, 185, 194, 222, 225, 246, 258, 277]
Sample_Ratio_Train_to_Val: 92/22
