Model and Training Parameters:
orig_Training_IDs: [1, 4, 5, 9, 10, 12, 19, 20, 21, 22, 26, 28, 29, 30, 31, 36, 39, 42, 43, 45, 46, 48, 54, 55, 56, 58, 61, 63, 65, 66, 69, 72, 73, 76, 77, 80, 82, 83, 84, 86, 90, 91, 93, 94, 95, 96, 98, 100, 101, 102, 103, 107, 110, 111, 113, 114, 116, 117, 118, 120, 122, 124, 126, 128, 129, 131, 133, 135, 136, 139, 142, 145, 147, 151, 152, 154, 157, 158, 159, 160, 161, 162, 164, 166, 171, 172, 173, 175, 178, 180, 182, 184, 188, 189, 190, 191, 195, 198, 199, 200, 202, 204, 209, 210, 212, 214, 216, 217, 218, 221, 222, 225, 227, 228, 231, 233, 234, 236, 237, 238, 239, 240, 241, 243, 245, 246, 248, 251, 252, 254, 256, 258, 259, 260, 261, 264, 265, 266, 270, 271, 272, 273, 276, 277, 278, 279, 280, 281, 284, 286, 287, 288, 290, 292, 293, 294, 296, 298, 299, 300]
Model_Architecture: Chain(Dense(5 => 20, relu), Dense(20 => 20, relu), Dense(20 => 500))
Date_and_Time: 2024-10-11T14:24:26.898
Optimizer: Adam(0.001)
Batch_Size: 8
Total_Epochs: 10000
orig_Test_IDs: [3, 6, 7, 8, 11, 13, 17, 24, 27, 32, 35, 37, 40, 44, 47, 49, 50, 51, 52, 53, 57, 70, 71, 74, 75, 85, 88, 89, 92, 105, 109, 115, 125, 127, 130, 132, 140, 141, 143, 148, 149, 153, 163, 167, 168, 169, 170, 174, 177, 179, 185, 186, 187, 194, 197, 203, 205, 207, 213, 215, 220, 223, 224, 230, 232, 244, 247, 249, 253, 257, 262, 263, 267, 269, 274, 282, 283, 291, 295]
Parameter_Ranges: [(0.001, 0.09966889632107025), (0.01, 0.5), (0.5, 2.0), (0.0026755852842809368, 0.8), (0.005351170568561873, 0.8)]
