Model and Training Parameters:
Model_Architecture: Chain(Dense(7 => 28, relu), Dropout(0.5), Dense(28 => 28, relu), Dropout(0.5), Dense(28 => 500))
Training_IDs: [110, 30, 234, 219, 272, 182, 253, 153, 186, 164, 185, 267, 90, 139, 4, 86, 168, 263, 207, 104, 242, 183, 224, 177, 12, 75, 111, 171, 69, 68, 82, 85, 130, 125, 119, 39, 77, 216, 126, 172, 66, 103, 156, 208, 59, 2, 27, 124, 26, 261, 211, 127, 116, 273, 100, 257, 279, 230, 195, 141, 187, 135, 9, 227, 109, 107, 276, 249, 57, 152, 129, 209, 236, 120, 260, 72, 258, 24, 184, 252, 137, 154, 190, 201, 237, 121, 281, 14, 270, 33, 40, 231, 245, 254, 142, 5, 114, 55, 123, 265, 268, 32, 136, 145, 233, 196, 262, 275, 210, 151, 54, 63, 191, 91, 244, 158, 218, 176, 122, 58, 199, 173, 256, 188, 92, 36, 98, 204, 118, 162, 7, 203, 25, 232, 93, 50, 34, 243, 18, 194, 147, 87, 167, 132, 140, 202, 16, 255, 160, 19, 49, 44, 31, 217, 146, 74, 61, 94, 225, 102, 128, 259, 21, 193, 38, 163, 226, 192, 105, 223, 221, 17, 271, 175, 166, 89, 80, 3, 178, 51, 274, 149, 155, 246, 181, 48, 65, 134]
Date_and_Time: 2024-10-07T17:01:10.808
Optimizer: Adam(0.001)
Batch_Size: 8
Total_Epochs: 1000
Test_IDs: [56, 35, 60, 220, 6, 67, 215, 73, 115, 112, 64, 251, 13, 52, 179, 23, 264, 41, 43, 11, 108, 71, 280, 10, 144, 79, 200, 20, 81, 278, 213, 189, 138, 222, 161, 46, 247, 241, 170, 88, 238, 250, 78, 133, 8, 37, 1, 22, 83, 99, 206, 113, 174, 165, 269, 117, 45, 197, 239, 62, 205, 150, 28, 148, 277, 235, 84, 95, 76, 240, 42, 157, 169, 248, 180, 266, 106, 29, 212, 228, 159, 70, 229, 131, 101, 53, 47, 198, 214, 96, 143, 15, 97]
Parameter_Ranges: [(0.013, 0.031), (0.098, 0.233), (1.16, 1.48), (13.6, 31.4), (1.0133779264214047, 3.0), (0.0, 90.0), (0.10234113712374583, 0.8)]
