Model and Training Parameters:
orig_Training_IDs: [4, 6, 8, 11, 12, 13, 14, 17, 18, 19, 20, 22, 24, 25, 26, 27, 28, 30, 31, 34, 35, 36, 39, 40, 41, 42, 44, 45, 46, 47, 49, 50, 52, 53, 55, 56, 60, 62, 63, 64, 65, 66, 68, 71, 72, 73, 74, 77, 79, 80, 81, 82, 84, 87, 88, 89, 91, 94, 95, 96, 97, 100, 101, 103, 104, 105, 106, 109, 110, 113, 115, 116, 117, 118, 119, 120, 121, 122, 123, 125, 126, 128, 129, 130, 131, 132, 134, 136, 137, 138, 141, 142, 143, 146, 147, 149, 151, 153, 154, 156, 157, 161, 162, 163, 164, 165, 166, 167, 170, 172, 173, 174, 175, 178, 179, 180, 181, 182, 185, 186, 189, 191, 193, 194, 197, 199, 200, 204, 205, 207, 210, 212, 213, 214, 216, 217, 218, 220, 221, 222, 223, 224, 225, 229, 231, 233, 234, 235, 236, 239, 240, 241, 242, 245, 248, 252, 255, 257, 259, 260, 263, 264, 266, 268, 269, 270, 271, 273, 276, 278, 279, 280, 282, 284, 286, 288, 289, 290, 292, 293, 294, 295, 296, 298]
Model_Architecture: Chain(Dense(7 => 28), LayerNorm(28, relu), Dense(28 => 28), LayerNorm(28, relu), Dense(28 => 500))
Date_and_Time: 2024-10-10T12:22:19.018
Optimizer: Adam(0.001)
Batch_Size: 8
Total_Epochs: 1000
orig_Test_IDs: [1, 2, 3, 5, 7, 9, 10, 15, 16, 21, 23, 29, 33, 37, 38, 43, 48, 54, 58, 59, 67, 69, 70, 76, 78, 83, 85, 86, 92, 98, 102, 107, 108, 111, 112, 114, 124, 127, 133, 135, 139, 140, 144, 145, 148, 150, 152, 155, 158, 159, 168, 169, 171, 184, 187, 190, 192, 196, 201, 202, 203, 208, 209, 211, 215, 226, 228, 230, 232, 237, 238, 243, 244, 246, 247, 249, 250, 251, 253, 258, 261, 262, 265, 267, 275, 277, 285, 287, 291, 297, 299, 300]
Parameter_Ranges: [(0.013, 0.031), (0.098, 0.233), (1.16, 1.48), (13.6, 31.4), (1.0133779264214047, 3.0), (0.0, 90.0), (0.10234113712374583, 0.7976588628762543)]
