Model and Training Parameters:
Date_and_Time: 2024-10-28T09:44:25.654
Total_Runtime: 0h 1m 26.82s
Random_Seed_Number: 1212
Model_Architecture: Chain(Dense(5 => 20, celu), Dense(20 => 200))
Optimizer: Adam(0.001)
Optimizer_FULL_Details: Leaf(Adam(0.001, (0.9, 0.999)
Batch_Size: 4
Total_Epochs: 5000
Best_Epoch: 4955
Best_Training_Loss: 0.2391526439784942
Best_Validation_Loss: 0.28752017352768466
orig_Training_IDs: [2, 5, 10, 11, 12, 13, 15, 17, 19, 20, 20, 21, 21, 22, 25, 26, 28, 29, 29, 32, 32, 33, 34, 38, 39, 42, 43, 44, 46, 47, 50, 55, 56, 57, 60, 62, 63, 64, 65, 65, 66, 66, 68, 70, 71, 73, 74, 75, 77, 79, 79, 80, 81, 83, 83, 84, 85, 86, 87, 88, 88, 93, 96, 98, 99, 102, 109, 109, 110, 113, 114, 115, 115, 116, 117, 118, 119, 120, 121, 122, 123, 124, 126, 129, 130, 131, 135, 136, 137, 137, 138, 138, 144, 145, 146, 147, 147, 150, 151, 153, 157, 159, 169, 171, 173, 179, 185, 192, 194, 196, 197, 199, 200, 202, 204, 205, 206, 208, 209, 215, 219, 221, 222, 223, 225, 229, 230, 232, 240, 246, 247, 253, 257, 258, 261, 263, 264, 265, 268, 269, 276, 277, 282, 283, 287, 289, 290, 296]
orig_Test_IDs: [2, 6, 11, 13, 26, 27, 30, 33, 40, 40, 48, 56, 60, 71, 72, 76, 78, 80, 84, 89, 92, 103, 104, 112, 120, 130, 132, 139, 140, 143, 155, 158, 160, 224, 231, 281]
Sample_Ratio_Train_to_Val: 148/36
