Model and Training Parameters:
Date_and_Time: 2024-11-21T16:48:17.253
Total_Runtime: 0h 0m 43.09s
Random_Seed_Number: 1234
Model_Architecture: Chain(Dense(7 => 28, celu), Dropout(0.4), Dense(28 => 28, celu), Dropout(0.4), Dense(28 => 150))
Optimizer: Adam(0.001)
Optimizer_FULL_Details: Leaf(Adam(0.001, (0.9, 0.999)
Batch_Size: 8
Total_Epochs: 1000
Best_Epoch: 747
Best_Training_Loss: 0.5001751887231959
Best_Validation_Loss: 0.4979851419503766
orig_Training_IDs: [1, 2, 3, 4, 5, 7, 9, 10, 13, 14, 15, 16, 17, 18, 19, 20, 21, 27, 28, 29, 31, 33, 34, 35, 39, 40, 41, 42, 43, 45, 46, 47, 48, 50, 51, 53, 54, 56, 59, 60, 61, 62, 63, 65, 66, 67, 68, 70, 73, 74, 76, 78, 79, 81, 82, 83, 84, 88, 89, 90, 92, 93, 94, 99, 100, 101, 102, 103, 105, 107, 108, 110, 111, 112, 113, 114, 115, 116, 118, 119, 121, 122, 125, 126, 127, 128, 129, 132, 134, 135, 136, 137, 138, 139, 141, 142, 144, 145, 146, 147, 148, 149, 150, 151, 152, 153, 154, 157, 158, 159, 160, 161, 163, 164, 165, 167, 168, 169, 170, 171, 174, 175, 177, 179, 181, 185, 187, 188, 189, 190, 191, 194, 195, 196, 197, 203, 204, 205, 207, 208, 209, 210, 211, 212, 214, 215, 216, 217, 218, 219, 220, 222, 224, 225, 227, 228, 230, 231, 232, 233, 234, 236, 237, 238, 239, 240, 242, 246, 247, 248, 250, 252, 253, 254, 255, 257, 258, 259, 260, 262, 263, 265, 266, 267, 274, 276, 277, 278, 280, 284, 286, 287, 288, 289, 291, 292, 294, 297, 299, 301, 302, 306, 307, 309, 310, 311, 312, 313, 314, 315, 317, 318, 319, 320, 321, 325, 326, 327, 328, 329, 330, 331, 332, 334, 336, 338, 340, 341, 342, 343, 344, 345, 346, 347, 348, 349, 350, 351, 352, 354, 355, 356, 357, 360, 361, 362, 366, 368, 371, 373, 374, 375, 376, 377, 378, 380, 382, 385, 386, 388, 389, 391, 392, 393, 395, 399, 401, 402, 403, 404, 405, 407, 410, 412, 413, 414, 416, 417, 419, 420, 423, 426, 427, 430, 432, 434, 435, 436, 437, 440, 441, 442, 446, 450, 452, 454, 455, 456, 457, 459, 464, 466, 470, 472, 473, 474, 475, 476, 477, 478, 481, 482, 483, 484, 485, 486, 488, 490, 491, 494, 495, 496, 497, 499]
orig_Test_IDs: [6, 8, 12, 23, 25, 36, 37, 38, 58, 72, 75, 77, 95, 96, 109, 117, 120, 123, 124, 130, 131, 140, 143, 155, 156, 166, 172, 173, 176, 183, 184, 192, 200, 201, 202, 223, 229, 243, 249, 251, 256, 261, 264, 269, 271, 281, 283, 290, 295, 304, 305, 308, 322, 333, 335, 339, 370, 372, 383, 387, 394, 396, 397, 406, 408, 409, 411, 424, 429, 443, 444, 445, 447, 458, 461, 462, 469, 479, 487, 493]
Sample_Ratio_Train_to_Val: 324/80
