Model and Training Parameters:
Date_and_Time: 2024-10-28T16:19:35.105
Total_Runtime: 0h 0m 33.85s
Random_Seed_Number: 1212
Model_Architecture: Chain(Dense(5 => 20, celu), Dropout(0.2), Dense(20 => 20, celu), Dropout(0.2), Dense(20 => 150))
Optimizer: Adam(0.0005)
Optimizer_FULL_Details: Leaf(Adam(0.0005, (0.9, 0.999)
Batch_Size: 4
Total_Epochs: 500
Best_Epoch: 499
Best_Training_Loss: 0.5598555338222747
Best_Validation_Loss: 0.4539009074586228
orig_Training_IDs: [6, 13, 17, 20, 21, 26, 29, 32, 39, 40, 44, 46, 55, 56, 60, 62, 66, 73, 75, 76, 77, 79, 83, 86, 87, 88, 93, 96, 102, 109, 112, 118, 119, 120, 130, 131, 135, 136, 137, 138, 140, 146, 147, 150, 156, 159, 160, 171, 173, 176, 179, 183, 184, 187, 190, 195, 196, 199, 200, 202, 203, 204, 207, 209, 210, 211, 212, 214, 217, 222, 227, 228, 230, 237, 241, 242, 248, 251, 255, 256, 259, 260, 261, 266, 268, 275, 277, 279, 283, 285, 286, 290, 291, 294]
orig_Test_IDs: [2, 11, 33, 34, 42, 65, 71, 74, 84, 92, 98, 110, 115, 116, 188, 189, 191, 215, 219, 220, 239, 250, 278]
Sample_Ratio_Train_to_Val: 94/23
