Model and Training Parameters:
orig_Training_IDs: [1, 3, 6, 9, 11, 12, 13, 17, 19, 20, 22, 24, 26, 27, 29, 30, 31, 37, 39, 40, 44, 45, 47, 49, 50, 51, 52, 53, 54, 55, 56, 57, 58, 61, 69, 70, 71, 72, 74, 75, 77, 84, 89, 92, 94, 96, 98, 100, 102, 103, 105, 107, 109, 110, 111, 115, 116, 118, 120, 122, 127, 128, 129, 131, 132, 133, 136, 141, 142, 143, 145, 147, 149, 152, 154, 157, 158, 159, 160, 161, 162, 163, 164, 169, 170, 171, 173, 175, 177, 178, 179, 180, 184, 185, 187, 188, 189, 190, 195, 198, 199, 200, 202, 203, 204, 205, 207, 209, 210, 212, 217, 218, 220, 221, 222, 223, 224, 225, 231, 232, 234, 236, 237, 241, 244, 245, 247, 248, 249, 251, 252, 253, 254, 256, 257, 258, 259, 260, 261, 262, 263, 265, 266, 267, 269, 270, 271, 272, 274, 278, 282, 286, 288, 291, 292, 293, 294, 295, 299, 300]
Model_Architecture: Chain(Dense(5 => 20, relu), Dense(20 => 20, relu), Dense(20 => 500))
Date_and_Time: 2024-10-14T15:46:15.582
Optimizer: Adam(0.001)
Batch_Size: 8
Total_Epochs: 10000
orig_Test_IDs: [4, 5, 7, 8, 10, 21, 28, 32, 35, 36, 42, 43, 46, 48, 63, 65, 66, 73, 76, 80, 82, 83, 85, 86, 88, 90, 91, 93, 95, 101, 113, 114, 117, 124, 125, 126, 130, 135, 139, 140, 148, 151, 153, 166, 167, 168, 172, 174, 182, 186, 191, 194, 197, 213, 214, 215, 216, 227, 228, 230, 233, 238, 239, 240, 243, 246, 264, 273, 276, 277, 279, 280, 281, 283, 284, 287, 290, 296, 298]
Parameter_Ranges: [(0.001, 0.09966889632107025), (0.01, 0.5), (0.5, 2.0), (0.0026755852842809368, 0.8), (0.005351170568561873, 0.8)]
