Model and Training Parameters:
Date_and_Time: 2024-10-29T12:20:53.194
Total_Runtime: 0h 4m 9.82s
Random_Seed_Number: 1234
Model_Architecture: Chain(Dense(5 => 20, celu), Dense(20 => 1))
Optimizer: Adam(0.0001)
Optimizer_FULL_Details: Leaf(Adam(0.0001, (0.9, 0.999)
Batch_Size: 4
Total_Epochs: 10000
Best_Epoch: 9862
Best_Training_Loss: 0.00013827849766831612
Best_Validation_Loss: 0.00010394304522783212
Huber_Loss_delta_param: 0.001
orig_Training_IDs: [1, 3, 4, 5, 6, 8, 9, 10, 11, 12, 19, 20, 22, 24, 26, 27, 29, 30, 37, 38, 40, 42, 43, 44, 45, 48, 49, 50, 51, 52, 53, 54, 55, 56, 57, 58, 61, 63, 65, 67, 69, 70, 71, 72, 73, 74, 75, 76, 77, 80, 82, 89, 92, 93, 94, 95, 96, 100, 107, 108, 109, 111, 112, 113, 114, 115, 116, 118, 120, 122, 125, 126, 127, 128, 130, 131, 135, 138, 139, 140, 143, 145, 147, 148, 152, 154, 157, 158, 159, 160, 161, 162, 164, 167, 169, 170, 172, 173, 174, 175, 177, 179, 180, 184, 186, 189, 190, 191, 192, 194, 195, 196, 197, 199, 200, 202, 203, 204, 205, 207, 208, 210, 212, 213, 216, 218, 220, 221, 222, 223, 227, 228, 230, 233, 235, 236, 237, 238, 239, 240, 241, 243, 244, 245, 246, 247, 248, 249, 251, 252, 253, 254, 256, 257, 258, 259, 260, 261, 262, 263, 264, 266, 267, 271, 272, 274, 276, 277, 280, 281, 282, 283, 286, 288, 289, 290, 291, 292, 293, 296, 298, 299]
orig_Test_IDs: [15, 16, 32, 33, 36, 46, 47, 66, 86, 88, 91, 98, 101, 117, 121, 124, 132, 133, 136, 141, 142, 151, 153, 163, 168, 187, 188, 198, 206, 209, 214, 217, 224, 225, 232, 234, 265, 269, 273, 278, 284, 287, 294, 295, 300]
Sample_Ratio_Train_to_Val: 182/45
