Model and Training Parameters:
Date_and_Time: 2024-10-28T16:31:57.797
Total_Runtime: 0h 1m 5.27s
Random_Seed_Number: 1212
Model_Architecture: Chain(Dense(5 => 20, celu), Dropout(0.2), Dense(20 => 20, celu), Dropout(0.2), Dense(20 => 150))
Optimizer: Adam(0.0005)
Optimizer_FULL_Details: Leaf(Adam(0.0005, (0.9, 0.999)
Batch_Size: 4
Total_Epochs: 5000
Best_Epoch: 4959
Best_Training_Loss: 0.29714458681874883
Best_Validation_Loss: 0.2851865746308144
orig_Training_IDs: [6, 13, 17, 20, 21, 26, 29, 32, 40, 42, 46, 55, 56, 60, 62, 65, 71, 74, 76, 77, 79, 83, 84, 87, 88, 92, 98, 102, 110, 112, 116, 120, 130, 131, 135, 136, 137, 140, 146, 147, 150, 156, 159, 160, 173, 176, 179, 183, 184, 187, 188, 189, 190, 191, 199, 204, 207, 209, 210, 211, 212, 214, 215, 217, 219, 220, 222, 227, 237, 241, 248, 251, 255, 256, 259, 266, 268, 277, 278, 279, 283, 285, 290, 294]
orig_Test_IDs: [2, 11, 33, 34, 44, 66, 73, 75, 86, 96, 109, 115, 118, 119, 195, 196, 202, 228, 242, 260, 275]
Sample_Ratio_Train_to_Val: 84/21
