Model and Training Parameters:
Date_and_Time: 2024-10-28T22:15:18.677
Total_Runtime: 0h 7m 2.75s
Random_Seed_Number: 1234
Model_Architecture: Chain(Dense(7 => 28, celu), Dropout(0.2), Dense(28 => 28, celu), Dropout(0.2), Dense(28 => 200))
Optimizer: Adam(0.001)
Optimizer_FULL_Details: Leaf(Adam(0.001, (0.9, 0.999)
Batch_Size: 8
Total_Epochs: 10000
Best_Epoch: 6783
Best_Training_Loss: 0.14682115280588878
Best_Validation_Loss: 0.17910280892486896
orig_Training_IDs: [1, 2, 3, 4, 5, 6, 7, 8, 9, 10, 12, 13, 14, 15, 16, 17, 18, 19, 20, 23, 24, 25, 27, 28, 29, 33, 34, 35, 36, 37, 39, 40, 41, 42, 43, 44, 45, 46, 47, 49, 50, 51, 53, 54, 55, 56, 57, 58, 59, 60, 61, 63, 65, 66, 67, 68, 69, 70, 71, 72, 73, 74, 75, 76, 79, 80, 81, 82, 84, 85, 86, 89, 90, 91, 92, 93, 94, 96, 97, 99, 101, 104, 105, 106, 107, 111, 112, 113, 114, 115, 116, 117, 119, 120, 122, 123, 124, 125, 127, 128, 130, 131, 132, 133, 136, 138, 139, 140, 141, 142, 143, 145, 146, 148, 149, 150, 152, 153, 156, 157, 158, 160, 161, 162, 163, 164, 165, 166, 168, 169, 170, 171, 173, 175, 176, 177, 178, 179, 180, 181, 182, 183, 184, 185, 186, 187, 189, 190, 191, 193, 194, 195, 196, 198, 199, 200, 201, 202, 203, 204, 205, 206, 207, 209, 211, 212, 213, 215, 217, 218, 219, 220, 222, 223, 224, 225, 227, 228, 229, 230, 231, 232, 235, 236, 237, 238, 239, 242, 243, 244, 245, 246, 247, 248, 249, 250, 252, 253, 254, 255, 258, 260, 261, 262, 263, 264, 266, 267, 268, 270, 271, 273, 274, 277, 278, 279, 280, 282, 284, 285, 286, 287, 288, 289, 290, 291, 292, 293, 295, 296, 297, 298, 299, 300]
orig_Test_IDs: [11, 21, 22, 26, 30, 31, 32, 48, 52, 62, 64, 77, 78, 83, 87, 88, 95, 98, 102, 103, 108, 109, 110, 118, 121, 129, 134, 135, 137, 144, 151, 154, 155, 159, 167, 172, 174, 188, 192, 197, 210, 214, 216, 221, 226, 233, 234, 240, 241, 251, 256, 257, 269, 272, 275, 281, 283, 294]
Sample_Ratio_Train_to_Val: 234/58
