Model and Training Parameters:
Date_and_Time: 2025-01-25T00:24:49.352
Total_Runtime: 0h 2m 21.93s
Random_Seed_Number: 1234
Model_Architecture: Chain(Dense(6 => 24, celu), Dropout(0.4), Dense(24 => 24, celu), Dropout(0.4), Dense(24 => 150))
Optimizer: Adam(0.001)
Optimizer_FULL_Details: Leaf(Adam(0.001, (0.9, 0.999)
Batch_Size: 8
Total_Epochs: 1000
Best_Epoch: 964
Best_Training_Loss: 0.4357452974626157
Best_Validation_Loss: 0.5388215034205294
orig_Training_IDs: [1, 2, 3, 4, 6, 7, 9, 10, 11, 12, 15, 16, 17, 18, 19, 20, 21, 22, 28, 29, 32, 33, 34, 35, 36, 40, 42, 43, 44, 46, 47, 48, 49, 50, 51, 52, 53, 54, 56, 59, 60, 61, 62, 63, 64, 66, 68, 69, 70, 71, 72, 75, 78, 80, 81, 83, 84, 86, 88, 89, 90, 92, 93, 95, 96, 97, 98, 101, 102, 104, 108, 109, 110, 111, 112, 113, 114, 119, 121, 123, 125, 129, 130, 132, 133, 137, 139, 140, 141, 142, 144, 145, 146, 150, 153, 155, 156, 157, 158, 159, 160, 161, 162, 163, 164, 166, 169, 170, 171, 172, 173, 174, 176, 177, 179, 181, 182, 183, 184, 186, 188, 190, 192, 193, 195, 197, 200, 202, 203, 204, 205, 208, 209, 211, 213, 215, 216, 217, 218, 219, 220, 221, 222, 223, 224, 225, 226, 227, 228, 229, 232, 233, 234, 235, 236, 237, 238, 239, 241, 242, 243, 244, 245, 246, 247, 249, 250, 252, 254, 255, 256, 257, 262, 264, 268, 269, 270, 271, 272, 276, 277, 278, 279, 281, 282, 284, 286, 287, 288, 290, 292, 293, 296, 297, 299]
orig_Test_IDs: [13, 14, 23, 25, 27, 37, 38, 57, 73, 74, 76, 85, 87, 99, 103, 105, 116, 120, 127, 128, 134, 138, 147, 154, 167, 168, 178, 187, 191, 196, 199, 206, 207, 212, 214, 248, 258, 259, 260, 263, 265, 266, 275, 283, 285, 294, 295, 300]
Sample_Ratio_Train_to_Val: 195/48
