Model and Training Parameters:
Model_Architecture: Chain(Dense(7 => 28), LayerNorm(28, relu), Dense(28 => 28), LayerNorm(28, relu), Dense(28 => 500))
Training_IDs: [56, 60, 30, 234, 67, 215, 219, 73, 272, 182, 251, 164, 186, 112, 153, 64, 253, 139, 4, 168, 263, 104, 242, 183, 224, 177, 179, 52, 111, 23, 264, 41, 171, 11, 69, 68, 85, 130, 119, 125, 216, 126, 108, 71, 66, 103, 156, 59, 2, 27, 10, 261, 211, 144, 116, 273, 257, 79, 200, 230, 20, 279, 81, 278, 187, 213, 135, 227, 222, 109, 161, 276, 46, 107, 57, 152, 247, 170, 209, 129, 236, 120, 250, 78, 260, 133, 72, 258, 24, 184, 252, 37, 1, 83, 22, 190, 201, 99, 121, 206, 14, 270, 33, 113, 245, 174, 254, 165, 142, 114, 123, 265, 136, 197, 45, 145, 151, 63, 191, 91, 205, 62, 150, 122, 58, 199, 28, 173, 277, 92, 98, 204, 84, 7, 25, 203, 76, 232, 50, 240, 42, 87, 248, 140, 157, 16, 180, 255, 160, 44, 266, 217, 31, 146, 74, 106, 61, 29, 212, 228, 128, 159, 259, 70, 21, 229, 131, 226, 192, 101, 223, 221, 17, 53, 166, 198, 89, 3, 80, 51, 274, 149, 246, 181, 143, 48, 65, 97]
Date_and_Time: 2024-10-07T17:53:34.430
Optimizer: Adam(0.001)
Batch_Size: 8
Total_Epochs: 1000
Test_IDs: [35, 110, 220, 6, 115, 185, 267, 90, 13, 86, 207, 12, 75, 43, 82, 39, 77, 172, 280, 208, 26, 124, 127, 100, 195, 141, 9, 189, 138, 249, 241, 88, 238, 8, 137, 154, 237, 281, 40, 231, 269, 5, 55, 268, 32, 117, 233, 196, 262, 275, 210, 239, 54, 244, 158, 176, 218, 148, 256, 188, 36, 235, 118, 162, 95, 34, 93, 243, 18, 194, 147, 132, 167, 169, 202, 19, 49, 94, 225, 102, 193, 38, 163, 105, 271, 47, 175, 214, 96, 178, 155, 15, 134]
Parameter_Ranges: [(0.013, 0.031), (0.098, 0.233), (1.16, 1.48), (13.6, 31.4), (1.0133779264214047, 3.0), (0.0, 90.0), (0.10234113712374583, 0.8)]
