Model and Training Parameters:
orig_Training_IDs: [1, 3, 5, 6, 10, 11, 13, 19, 20, 21, 22, 24, 26, 27, 29, 30, 31, 32, 35, 36, 37, 39, 42, 44, 46, 47, 49, 50, 51, 52, 53, 54, 55, 56, 61, 63, 65, 69, 71, 72, 73, 74, 75, 76, 83, 84, 85, 86, 88, 89, 90, 91, 92, 93, 94, 95, 96, 100, 101, 102, 105, 107, 111, 113, 114, 115, 117, 118, 120, 126, 130, 131, 132, 133, 135, 136, 140, 143, 145, 147, 148, 149, 151, 152, 153, 157, 159, 162, 167, 172, 173, 175, 177, 178, 182, 186, 187, 189, 191, 195, 197, 199, 200, 202, 203, 204, 207, 209, 210, 213, 214, 215, 216, 217, 218, 220, 222, 223, 224, 225, 227, 228, 230, 231, 233, 236, 237, 239, 244, 245, 246, 249, 251, 252, 253, 256, 258, 259, 261, 264, 265, 267, 269, 272, 273, 274, 276, 277, 278, 280, 281, 282, 283, 284, 286, 287, 290, 291, 293, 296]
Model_Architecture: Chain(Dense(5 => 20, relu), Dense(20 => 20, relu), Dense(20 => 500))
Date_and_Time: 2024-10-10T22:52:13.424
Optimizer: Adam(0.001)
Batch_Size: 8
Total_Epochs: 5000
orig_Test_IDs: [4, 7, 8, 9, 12, 17, 28, 40, 43, 45, 48, 57, 58, 66, 70, 77, 80, 82, 98, 103, 109, 110, 116, 122, 124, 125, 127, 128, 129, 139, 141, 142, 154, 158, 160, 161, 163, 164, 166, 168, 169, 170, 171, 174, 179, 180, 184, 185, 188, 190, 194, 198, 205, 212, 221, 232, 234, 238, 240, 241, 243, 247, 248, 254, 257, 260, 262, 263, 266, 270, 271, 279, 288, 292, 294, 295, 298, 299, 300]
Parameter_Ranges: [(0.001, 0.09966889632107025), (0.01, 0.5), (0.5, 2.0), (0.0026755852842809368, 0.8), (0.005351170568561873, 0.8)]
