Model and Training Parameters:
Model_Architecture: Chain(Dense(5 => 20, relu), Dense(20 => 20, relu), Dense(20 => 500))
Training_IDs: [56, 220, 67, 215, 115, 112, 185, 168, 207, 224, 177, 75, 111, 41, 68, 82, 172, 103, 59, 26, 127, 100, 79, 230, 195, 141, 222, 138, 107, 152, 170, 129, 238, 78, 133, 72, 184, 1, 137, 237, 40, 231, 165, 142, 114, 136, 117, 145, 158, 218, 176, 92, 118, 162, 84, 95, 25, 203, 93, 18, 147, 16, 19, 44, 217, 146, 61, 228, 159, 193, 101, 105, 223, 17, 198, 166, 214, 51, 143, 48, 15, 134, 110, 234, 182, 164, 186, 90, 139, 4, 13, 104, 52, 171, 11, 119, 39, 216, 126, 108, 10, 20, 9, 109, 88, 209, 236, 120, 24, 8, 37, 83, 190, 201, 99, 121, 14, 123, 32, 233, 196, 210, 151, 239, 63, 191, 205, 62, 150, 122, 58, 199, 173, 98, 235, 204, 76, 167, 42, 140, 202, 169, 180, 160, 49, 106, 225, 128, 70, 21, 163, 131, 53, 47, 175, 3, 178, 96, 155, 65]
Date_and_Time: 2024-09-30T20:55:43.871
Optimizer: Adam(0.001)
Batch_Size: 8
Total_Epochs: 5000
Test_IDs: [35, 60, 30, 6, 219, 73, 153, 64, 86, 183, 12, 179, 23, 43, 69, 85, 130, 125, 77, 71, 66, 156, 208, 2, 27, 124, 211, 144, 116, 200, 81, 187, 213, 135, 189, 227, 161, 46, 57, 22, 154, 206, 33, 113, 174, 5, 55, 45, 197, 54, 91, 28, 148, 188, 36, 7, 232, 34, 50, 194, 87, 132, 157, 31, 74, 29, 94, 212, 102, 38, 229, 226, 192, 221, 89, 80, 149, 181, 97]
Parameter_Ranges: [(0.001, 0.09966889632107025), (0.01, 0.5), (0.5, 2.0), (0.0026755852842809368, 0.8), (0.005351170568561873, 0.8)]
