Model and Training Parameters:
orig_Training_IDs: [1, 3, 4, 5, 6, 7, 9, 10, 12, 17, 20, 21, 24, 27, 28, 29, 30, 31, 35, 36, 40, 43, 44, 45, 46, 47, 48, 49, 50, 52, 54, 55, 57, 58, 61, 63, 65, 69, 70, 72, 73, 74, 75, 76, 80, 83, 84, 88, 90, 93, 95, 96, 100, 102, 103, 109, 110, 111, 113, 114, 115, 117, 118, 126, 127, 128, 129, 130, 131, 132, 135, 140, 141, 143, 147, 151, 157, 159, 160, 162, 163, 164, 166, 167, 169, 170, 171, 172, 173, 175, 177, 178, 182, 184, 185, 186, 188, 190, 191, 195, 197, 198, 200, 202, 203, 204, 207, 210, 213, 214, 216, 218, 221, 222, 223, 224, 225, 227, 232, 233, 234, 236, 237, 238, 240, 241, 243, 247, 248, 249, 251, 253, 257, 258, 259, 262, 264, 265, 266, 267, 270, 272, 274, 276, 277, 278, 279, 281, 282, 283, 284, 286, 290, 291, 294, 295, 296, 298, 299, 300]
Model_Architecture: Chain(Dense(5 => 20, relu), Dense(20 => 20, relu), Dense(20 => 500))
Date_and_Time: 2024-10-14T15:57:05.824
Optimizer: Adam(0.001)
Batch_Size: 8
Total_Epochs: 10000
orig_Test_IDs: [8, 11, 13, 19, 22, 26, 32, 37, 39, 42, 51, 53, 56, 66, 71, 77, 82, 85, 86, 89, 91, 92, 94, 98, 101, 105, 107, 116, 120, 122, 124, 125, 133, 136, 139, 142, 145, 148, 149, 152, 153, 154, 158, 161, 168, 174, 179, 180, 187, 189, 194, 199, 205, 209, 212, 215, 217, 220, 228, 230, 231, 239, 244, 245, 246, 252, 254, 256, 260, 261, 263, 269, 271, 273, 280, 287, 288, 292, 293]
Parameter_Ranges: [(0.001, 0.09966889632107025), (0.01, 0.5), (0.5, 2.0), (0.0026755852842809368, 0.8), (0.005351170568561873, 0.8)]
