Model and Training Parameters:
orig_Training_IDs: [1, 3, 4, 5, 6, 9, 11, 12, 19, 20, 22, 24, 26, 27, 29, 30, 37, 38, 42, 43, 44, 48, 49, 50, 51, 52, 53, 54, 55, 56, 57, 58, 61, 63, 65, 67, 70, 72, 73, 74, 75, 76, 77, 82, 89, 92, 93, 94, 95, 96, 100, 108, 109, 111, 114, 116, 120, 122, 126, 127, 128, 130, 131, 135, 139, 140, 143, 145, 147, 148, 154, 157, 158, 159, 160, 161, 162, 164, 167, 169, 170, 172, 173, 174, 175, 179, 180, 184, 186, 189, 191, 192, 194, 195, 196, 197, 199, 202, 203, 204, 207, 210, 212, 213, 218, 220, 221, 222, 223, 227, 228, 230, 233, 235, 236, 237, 238, 240, 241, 243, 244, 245, 246, 247, 249, 251, 252, 253, 257, 258, 259, 260, 261, 262, 264, 266, 271, 272, 274, 276, 277, 280, 281, 282, 283, 286, 288, 290, 291, 292, 293, 296]
Total_Runtime: 0h 46m 2.68s
Best_Training_Loss: 0.17410166876778013
orig_Test_IDs: [8, 10, 15, 16, 32, 33, 36, 40, 45, 46, 47, 66, 69, 71, 80, 86, 88, 91, 98, 101, 107, 112, 113, 115, 117, 118, 121, 124, 125, 132, 133, 136, 138, 141, 142, 151, 152, 153, 163, 168, 177, 187, 188, 190, 198, 200, 205, 206, 208, 209, 214, 216, 217, 224, 225, 232, 234, 239, 248, 254, 256, 263, 265, 267, 269, 273, 278, 284, 287, 289, 294, 295, 298, 299, 300]
Parameter_Ranges: [(0.001, 0.1), (0.01, 0.5), (0.5, 2.0), (0.0, 0.8), (0.0026755852842809368, 0.8)]
Random_Seed_Number: 1234
Best_Validation_Loss: 0.24284668294307324
Best_Epoch: 80735
Total_Epochs: 100000
Model_Architecture: Chain(Dense(5 => 20, celu), Dropout(0.2), Dense(20 => 20, celu), Dropout(0.2), Dense(20 => 200))
Date_and_Time: 2024-10-18T13:11:19.313
Optimizer: Adam(0.001)
Batch_Size: 8
