Model and Training Parameters:
Model_Architecture: Chain(Dense(7 => 28), LayerNorm(28, relu), Dense(28 => 28), LayerNorm(28, relu), Dense(28 => 500))
Training_IDs: [56, 35, 110, 220, 234, 67, 6, 215, 73, 272, 182, 251, 153, 115, 185, 64, 267, 90, 139, 13, 86, 168, 263, 207, 242, 183, 179, 177, 12, 75, 111, 264, 41, 43, 68, 85, 82, 39, 216, 126, 108, 66, 156, 59, 208, 124, 27, 10, 261, 26, 144, 127, 100, 257, 200, 279, 81, 195, 278, 187, 135, 9, 189, 227, 222, 138, 109, 161, 46, 249, 170, 236, 120, 258, 24, 8, 184, 37, 137, 22, 83, 190, 99, 121, 206, 237, 270, 33, 40, 231, 113, 165, 269, 5, 123, 114, 268, 32, 136, 197, 45, 262, 151, 239, 54, 63, 244, 62, 158, 218, 122, 58, 199, 28, 173, 148, 256, 188, 92, 277, 36, 98, 235, 118, 162, 84, 95, 25, 7, 232, 93, 243, 18, 240, 147, 42, 87, 132, 140, 157, 202, 169, 16, 180, 255, 19, 49, 44, 217, 106, 61, 212, 225, 228, 128, 159, 259, 102, 21, 193, 38, 226, 192, 101, 223, 221, 17, 271, 53, 47, 175, 166, 198, 214, 178, 3, 96, 51, 274, 149, 246, 181, 155, 143, 48, 65, 97, 134]
Date_and_Time: 2024-10-07T17:42:04.532
Optimizer: Adam(0.001)
Batch_Size: 8
Total_Epochs: 1000
Test_IDs: [60, 30, 219, 164, 112, 186, 253, 4, 104, 224, 52, 23, 11, 69, 171, 130, 119, 125, 77, 71, 172, 103, 280, 2, 211, 116, 273, 79, 20, 230, 141, 213, 107, 276, 57, 152, 247, 241, 88, 129, 209, 238, 250, 78, 260, 133, 72, 1, 154, 201, 252, 281, 14, 245, 174, 254, 142, 55, 265, 117, 145, 233, 196, 275, 210, 191, 91, 205, 150, 176, 204, 203, 76, 34, 50, 194, 167, 248, 160, 266, 31, 146, 74, 29, 94, 70, 163, 229, 131, 105, 89, 80, 15]
Parameter_Ranges: [(0.013, 0.031), (0.098, 0.233), (1.16, 1.48), (13.6, 31.4), (1.0133779264214047, 3.0), (0.0, 90.0), (0.10234113712374583, 0.8)]
