Model and Training Parameters:
Model_Architecture: Chain(Dense(7 => 28), LayerNorm(28, relu), Dense(28 => 500))
Training_IDs: [35, 110, 220, 30, 6, 234, 215, 219, 272, 182, 164, 153, 253, 115, 251, 64, 186, 112, 185, 267, 139, 4, 13, 207, 104, 242, 224, 52, 177, 75, 264, 41, 69, 68, 11, 85, 82, 39, 216, 126, 108, 172, 71, 103, 156, 208, 59, 2, 27, 124, 261, 26, 10, 211, 144, 127, 257, 200, 79, 81, 230, 141, 213, 9, 222, 138, 109, 161, 276, 46, 57, 152, 170, 88, 129, 209, 250, 120, 78, 133, 258, 72, 24, 8, 252, 37, 1, 190, 201, 99, 121, 237, 40, 174, 165, 142, 269, 5, 123, 55, 114, 268, 32, 197, 145, 196, 275, 239, 63, 91, 205, 62, 218, 176, 122, 58, 28, 92, 36, 98, 204, 162, 84, 7, 203, 25, 76, 232, 93, 50, 194, 240, 147, 87, 42, 132, 167, 157, 169, 16, 180, 255, 160, 19, 266, 31, 217, 74, 106, 61, 29, 94, 212, 225, 228, 128, 159, 70, 21, 193, 38, 163, 226, 192, 101, 105, 221, 53, 47, 175, 166, 89, 214, 178, 3, 96, 274, 149, 155, 143, 48, 15, 97, 134]
Date_and_Time: 2024-10-09T20:07:19.229
Optimizer: Adam(0.001)
Batch_Size: 8
Total_Epochs: 1000
Test_IDs: [56, 60, 67, 73, 90, 86, 168, 263, 183, 12, 179, 23, 111, 43, 171, 130, 119, 125, 77, 66, 116, 100, 273, 20, 195, 187, 135, 189, 227, 107, 249, 247, 241, 236, 238, 260, 184, 137, 22, 83, 154, 206, 14, 270, 33, 113, 231, 245, 254, 265, 136, 117, 45, 233, 262, 210, 151, 54, 191, 244, 158, 150, 199, 173, 148, 256, 188, 235, 118, 95, 34, 243, 18, 140, 202, 248, 49, 44, 146, 102, 259, 229, 131, 223, 17, 271, 198, 80, 51, 181, 246, 65]
Parameter_Ranges: [(0.013, 0.031), (0.098, 0.233), (1.16, 1.48), (13.6, 31.4), (1.0133779264214047, 3.0), (0.0, 90.0), (0.10234113712374583, 0.7976588628762543)]
