Model and Training Parameters:
Model_Architecture: Chain(Dense(7 => 28, relu), Dropout(0.5), Dense(28 => 28, relu), Dropout(0.5), Dense(28 => 500))
Training_IDs: [56, 220, 30, 67, 219, 73, 272, 251, 164, 153, 186, 112, 115, 64, 267, 139, 4, 13, 86, 263, 104, 242, 224, 52, 179, 12, 75, 23, 264, 171, 43, 68, 85, 82, 130, 119, 125, 77, 216, 126, 108, 71, 172, 66, 156, 208, 59, 124, 27, 2, 211, 261, 10, 26, 127, 116, 273, 100, 230, 79, 81, 20, 195, 141, 278, 213, 135, 9, 189, 227, 222, 107, 46, 249, 152, 247, 241, 88, 129, 250, 238, 78, 260, 133, 72, 24, 184, 137, 1, 83, 190, 237, 206, 121, 281, 14, 231, 245, 254, 165, 142, 269, 5, 123, 55, 265, 32, 136, 197, 117, 145, 282, 233, 262, 151, 239, 63, 54, 191, 62, 244, 205, 158, 150, 176, 58, 199, 28, 173, 148, 188, 277, 92, 36, 235, 84, 95, 25, 76, 34, 93, 243, 18, 194, 167, 147, 87, 132, 248, 157, 202, 42, 169, 255, 19, 49, 44, 266, 31, 146, 74, 106, 61, 94, 225, 259, 193, 38, 163, 226, 101, 105, 221, 17, 47, 198, 89, 214, 3, 80, 96, 51, 274, 246, 181, 48, 65, 15, 134]
Date_and_Time: 2024-10-07T16:39:00.716
Optimizer: Adam(0.001)
Batch_Size: 8
Total_Epochs: 5000
Test_IDs: [35, 110, 60, 6, 234, 215, 182, 185, 253, 90, 168, 207, 183, 177, 111, 41, 11, 69, 39, 103, 280, 144, 257, 200, 279, 187, 138, 109, 161, 276, 57, 170, 209, 236, 120, 258, 8, 37, 22, 154, 201, 252, 99, 270, 33, 40, 113, 174, 283, 114, 268, 45, 196, 275, 210, 91, 218, 122, 256, 98, 204, 118, 162, 7, 203, 232, 50, 240, 140, 16, 180, 160, 217, 29, 212, 228, 102, 128, 159, 70, 21, 229, 131, 192, 223, 53, 271, 175, 166, 178, 149, 155, 143, 97]
Parameter_Ranges: [(0.013, 0.031), (0.098, 0.233), (1.16, 1.48), (13.6, 31.4), (1.0133779264214047, 3.0), (0.0, 90.0), (0.10234113712374583, 0.8)]
