Model and Training Parameters:
orig_Training_IDs: [1, 2, 5, 6, 7, 12, 13, 17, 19, 20, 21, 22, 23, 25, 28, 29, 31, 32, 33, 34, 35, 37, 39, 41, 43, 44, 46, 47, 48, 51, 52, 53, 54, 56, 58, 59, 62, 63, 64, 65, 66, 67, 71, 72, 73, 74, 75, 76, 77, 78, 79, 80, 81, 82, 83, 86, 87, 88, 90, 91, 92, 94, 96, 97, 98, 99, 101, 103, 105, 106, 107, 108, 110, 112, 113, 115, 116, 117, 118, 119, 120, 122, 123, 124, 125, 127, 129, 130, 131, 132, 133, 134, 136, 137, 138, 139, 140, 141, 142, 143, 144, 145, 146, 151, 152, 154, 155, 157, 159, 160, 162, 164, 166, 167, 168, 171, 172, 174, 175, 177, 178, 179, 181, 182, 183, 184, 185, 187, 189, 190, 191, 193, 195, 197, 198, 199, 201, 202, 203, 204, 205, 206, 209, 210, 215, 216, 217, 218, 219, 220, 221, 222, 223, 225, 226, 229, 230, 231, 235, 236, 241, 242, 243, 244, 245, 249, 251, 252, 254, 256, 258, 261, 263, 264, 267, 268, 271, 272, 274, 275, 277, 280, 281, 282, 284, 287, 288, 290, 292, 293, 294, 295, 297, 298, 299]
Model_Architecture: Chain(Dense(7 => 28, relu), Dense(28 => 500))
Date_and_Time: 2024-10-14T17:28:53.671
Optimizer: Adam(0.001)
Batch_Size: 8
Total_Epochs: 10000
orig_Test_IDs: [3, 4, 8, 9, 10, 11, 14, 15, 16, 18, 24, 26, 27, 30, 36, 40, 42, 45, 49, 50, 55, 57, 60, 61, 68, 69, 70, 84, 85, 89, 93, 95, 102, 104, 109, 111, 114, 121, 128, 135, 148, 149, 150, 153, 156, 158, 161, 163, 165, 169, 170, 173, 176, 180, 186, 188, 192, 194, 196, 200, 207, 211, 212, 213, 214, 224, 227, 228, 232, 233, 234, 237, 238, 239, 240, 246, 247, 248, 250, 253, 255, 257, 260, 262, 266, 269, 270, 273, 278, 279, 283, 285, 286, 289, 291, 296, 300]
Parameter_Ranges: [(0.013, 0.031), (0.09845150501672241, 0.233), (1.16, 1.48), (13.6, 31.4), (1.0, 2.5), (0.0, 90.0), (0.10167224080267559, 0.5983277591973244)]
