Model and Training Parameters:
Date_and_Time: 2024-11-22T22:20:10.621
Total_Runtime: 0h 2m 21.61s
Random_Seed_Number: 1111
Model_Architecture: Chain(Dense(7 => 28, celu), Dropout(0.4), Dense(28 => 28, celu), Dropout(0.4), Dense(28 => 150))
Optimizer: Adam(0.001)
Optimizer_FULL_Details: Leaf(Adam(0.001, (0.9, 0.999)
Batch_Size: 8
Total_Epochs: 5000
Best_Epoch: 1460
Best_Training_Loss: 0.5927680858164955
Best_Validation_Loss: 0.5174525230969196
orig_Training_IDs: [1, 2, 5, 8, 9, 10, 12, 13, 15, 16, 17, 21, 22, 23, 24, 25, 26, 28, 29, 31, 32, 35, 37, 38, 39, 40, 45, 46, 47, 49, 50, 51, 53, 56, 58, 59, 60, 61, 62, 63, 64, 65, 66, 67, 70, 72, 75, 76, 77, 79, 80, 81, 82, 83, 84, 85, 86, 88, 92, 93, 95, 97, 98, 99, 100, 102, 103, 105, 106, 107, 108, 110, 111, 112, 113, 114, 115, 116, 117, 118, 119, 121, 123, 126, 127, 129, 131, 132, 133, 135, 137, 138, 139, 141, 142, 144, 145, 146, 148, 149, 150, 151, 152, 153, 154, 155, 156, 157, 159, 162, 164, 166, 167, 168, 170, 171, 172, 173, 175, 176, 178, 180, 181, 183, 184, 187, 188, 190, 191, 192, 193, 195, 197, 200, 201, 202, 203, 204, 205, 206, 207, 208, 209, 210, 211, 212, 214, 216, 217, 218, 219, 221, 225, 229, 231, 232, 233, 234, 238, 239, 240, 243, 245, 246, 247, 248, 250, 251, 252, 254, 256, 257, 258, 260, 261, 262, 266, 267, 269, 270, 271, 273, 275, 276, 278, 281, 282, 283, 284, 285, 286, 287, 289, 290, 291, 292, 293, 294, 295, 296]
orig_Test_IDs: [4, 6, 7, 11, 14, 19, 27, 30, 33, 36, 41, 42, 43, 48, 52, 57, 69, 71, 74, 78, 87, 90, 91, 101, 109, 122, 124, 128, 130, 134, 136, 140, 158, 161, 163, 179, 182, 185, 189, 194, 196, 198, 199, 224, 227, 241, 264, 268, 277, 280]
Sample_Ratio_Train_to_Val: 200/50
