Model and Training Parameters:
Date_and_Time: 2024-10-28T11:37:19.571
Total_Runtime: 0h 6m 11.3s
Random_Seed_Number: 1212
Model_Architecture: Chain(Dense(5 => 20, celu), Dropout(0.2), Dense(20 => 20, celu), Dropout(0.2), Dense(20 => 150))
Optimizer: Adam(0.0005)
Optimizer_FULL_Details: Leaf(Adam(0.0005, (0.9, 0.999)
Batch_Size: 4
Total_Epochs: 20000
Best_Epoch: 19012
Best_Training_Loss: 0.25050091485197495
Best_Validation_Loss: 0.28192816359815015
orig_Training_IDs: [2, 5, 6, 11, 13, 13, 17, 20, 20, 21, 21, 22, 26, 26, 27, 32, 32, 33, 33, 34, 39, 40, 42, 43, 44, 47, 48, 55, 56, 56, 57, 60, 62, 64, 65, 66, 66, 70, 71, 71, 72, 73, 74, 75, 77, 78, 79, 79, 83, 84, 84, 86, 87, 88, 92, 96, 98, 99, 102, 103, 109, 109, 110, 112, 114, 115, 116, 117, 118, 119, 120, 124, 126, 129, 130, 130, 131, 135, 136, 137, 137, 138, 138, 143, 146, 147, 147, 150, 151, 153, 155, 159, 160, 173, 179, 185, 192, 194, 199, 205, 208, 209, 215, 219, 221, 222, 223, 224, 225, 229, 230, 231, 232, 240, 246, 247, 253, 257, 258, 261, 263, 264, 268, 269, 276, 281, 282, 283, 287, 289, 290, 296]
orig_Test_IDs: [2, 12, 19, 28, 29, 29, 38, 46, 50, 60, 65, 68, 76, 80, 81, 83, 89, 93, 104, 115, 120, 123, 140, 157, 158, 169, 171, 196, 200, 206, 265, 277]
Sample_Ratio_Train_to_Val: 132/32
