Model and Training Parameters:
Date_and_Time: 2024-10-25T14:22:16.470
Total_Runtime: 0h 5m 9.39s
Random_Seed_Number: 4321
Model_Architecture: Chain(Dense(7 => 28, celu), Dense(28 => 1))
Optimizer: Adam(0.0001)
Optimizer_FULL_Details: Leaf(Adam(0.0001, (0.9, 0.999)
Batch_Size: 4
Total_Epochs: 10000
Best_Epoch: 2096
Best_Training_Loss: 0.0002775986783846009
Best_Validation_Loss: 0.00025437277655014114
Huber_Loss_delta_param: 0.001
orig_Training_IDs: [1, 2, 3, 4, 5, 6, 7, 8, 10, 11, 12, 13, 14, 15, 16, 17, 18, 19, 21, 23, 25, 26, 27, 28, 29, 30, 31, 32, 33, 36, 37, 40, 41, 42, 43, 45, 46, 47, 48, 49, 50, 51, 52, 53, 54, 55, 56, 57, 58, 59, 60, 61, 62, 63, 64, 65, 66, 67, 68, 69, 71, 72, 73, 74, 76, 77, 78, 79, 80, 82, 83, 84, 85, 86, 88, 89, 90, 93, 94, 95, 97, 98, 99, 101, 102, 103, 105, 106, 107, 108, 110, 111, 112, 113, 114, 116, 117, 118, 120, 122, 123, 124, 128, 129, 130, 131, 132, 133, 134, 135, 136, 137, 140, 141, 143, 144, 145, 146, 148, 150, 151, 152, 153, 154, 156, 158, 159, 161, 162, 163, 164, 165, 166, 167, 168, 169, 170, 171, 172, 173, 175, 176, 177, 179, 180, 181, 182, 184, 185, 186, 187, 188, 191, 192, 194, 197, 198, 200, 201, 202, 203, 204, 205, 209, 210, 211, 212, 213, 215, 216, 217, 219, 221, 222, 223, 224, 225, 226, 227, 228, 229, 230, 231, 232, 233, 236, 239, 240, 241, 243, 244, 245, 246, 248, 249, 250, 251, 253, 254, 256, 257, 258, 260, 261, 262, 263, 264, 266, 267, 268, 269, 270, 271, 272, 273, 274, 275, 277, 279, 282, 284, 285, 286, 287, 288, 290, 291, 292, 293, 294, 295, 297, 299, 300]
orig_Test_IDs: [9, 20, 22, 24, 34, 35, 39, 44, 70, 75, 81, 87, 91, 92, 96, 104, 109, 115, 119, 121, 125, 127, 138, 139, 142, 149, 155, 157, 160, 174, 178, 183, 189, 190, 193, 195, 196, 199, 206, 207, 214, 218, 220, 234, 235, 237, 238, 242, 247, 252, 255, 278, 280, 281, 283, 289, 296, 298]
Sample_Ratio_Train_to_Val: 234/58
