Model and Training Parameters:
Date_and_Time: 2024-10-28T14:24:12.118
Total_Runtime: 0h 14m 5.48s
Random_Seed_Number: 4343
Model_Architecture: Chain(Dense(5 => 20, celu), Dense(20 => 1))
Optimizer: Adam(0.0001)
Optimizer_FULL_Details: Leaf(Adam(0.0001, (0.9, 0.999)
Batch_Size: 4
Total_Epochs: 50000
Best_Epoch: 41038
Best_Training_Loss: 0.020364087201293683
Best_Validation_Loss: 0.06617722499538717
Huber_Loss_delta_param: 1
orig_Training_IDs: [2, 2, 5, 6, 11, 13, 13, 19, 20, 20, 21, 21, 26, 27, 28, 29, 29, 32, 32, 33, 33, 34, 38, 40, 42, 43, 46, 47, 50, 55, 56, 57, 60, 62, 64, 65, 65, 66, 68, 70, 71, 72, 73, 74, 75, 76, 77, 78, 79, 79, 80, 81, 83, 83, 84, 84, 86, 87, 88, 92, 93, 96, 98, 99, 102, 104, 109, 109, 110, 112, 114, 115, 115, 116, 117, 118, 119, 120, 120, 123, 126, 129, 130, 130, 135, 136, 137, 138, 140, 143, 147, 147, 150, 151, 155, 158, 159, 169, 171, 173, 179, 185, 192, 194, 199, 200, 205, 206, 209, 215, 219, 221, 224, 225, 229, 231, 232, 240, 246, 247, 258, 261, 263, 264, 269, 276, 277, 281, 282, 287, 290, 296]
orig_Test_IDs: [12, 17, 22, 26, 39, 44, 48, 56, 60, 66, 71, 89, 103, 124, 131, 137, 138, 146, 153, 157, 160, 196, 208, 222, 223, 230, 253, 257, 265, 268, 283, 289]
Sample_Ratio_Train_to_Val: 132/32
