Model and Training Parameters:
orig_Training_IDs: [1, 7, 14, 21, 25, 27, 30, 32, 34, 48, 54, 56, 58, 59, 61, 64, 68, 80, 81, 95, 96, 99, 108, 109, 111, 113, 116, 117, 119, 124, 126, 129, 130, 132, 135, 136, 138, 140, 144, 145, 146, 148, 150, 152, 158, 161, 170, 172, 176, 178, 180, 182, 193, 195, 196, 208, 211, 223, 230, 245, 247, 248, 249, 250, 261, 270, 272, 283, 284, 286, 287, 292, 295, 297, 298, 302, 306, 308, 311, 312, 317, 318, 319, 320, 322, 325, 330, 331, 332, 334, 341, 343, 347, 352, 353, 357, 360, 366, 369, 379, 381, 382, 384, 387, 394, 396, 401, 407, 412, 413, 416, 418, 420, 422, 436, 441, 446, 456, 458, 459, 460, 461, 466, 472, 475, 477, 480, 491]
Total_Runtime: 0h 1m 31.43s
Best_Training_Loss: 2.2891946503100464
orig_Test_IDs: [26, 35, 46, 75, 76, 78, 88, 100, 101, 104, 137, 139, 142, 157, 159, 160, 164, 181, 184, 187, 199, 207, 209, 214, 221, 225, 232, 239, 252, 254, 263, 268, 273, 276, 288, 290, 291, 309, 316, 327, 336, 340, 342, 362, 375, 383, 388, 404, 408, 417, 419, 425, 438, 457, 465, 471, 473, 481, 484, 486, 495, 497, 499]
Parameter_Ranges: [(0.01, 0.5), (0.5, 1.9999999999999998), (0.013, 0.031), (0.09827054108216433, 0.23218837675350704), (0.1, 0.5969939879759519)]
Random_Seed_Number: 1234
Best_Validation_Loss: 1.7264053203318315
Best_Epoch: 186
Total_Epochs: 5000
Model_Architecture: Chain(Dense(5 => 20, celu), Dense(20 => 20, celu), Dense(20 => 200))
Date_and_Time: 2024-10-23T12:00:21.457
Optimizer: Adam(0.001)
Batch_Size: 8
