Model and Training Parameters:
orig_Training_IDs: [1, 3, 4, 6, 8, 10, 12, 15, 16, 19, 22, 24, 29, 30, 33, 36, 37, 40, 42, 43, 44, 45, 46, 47, 48, 52, 54, 55, 57, 61, 63, 65, 66, 67, 70, 71, 73, 76, 88, 89, 91, 92, 93, 94, 95, 96, 98, 101, 107, 108, 109, 111, 112, 115, 118, 120, 124, 125, 126, 128, 130, 131, 132, 133, 135, 136, 139, 141, 143, 145, 148, 153, 158, 159, 160, 161, 162, 168, 170, 174, 175, 179, 180, 184, 186, 187, 188, 189, 190, 194, 197, 198, 199, 200, 203, 207, 208, 210, 212, 213, 216, 220, 221, 222, 223, 224, 225, 227, 228, 230, 236, 237, 238, 241, 243, 245, 246, 249, 251, 252, 253, 254, 256, 257, 258, 259, 260, 261, 262, 264, 267, 269, 272, 273, 274, 277, 280, 281, 282, 283, 284, 286, 288, 289, 290, 291, 294, 295, 296, 298, 299, 300]
Best_Training_Loss: 0.24147194311563772
orig_Test_IDs: [5, 9, 11, 20, 26, 27, 32, 38, 49, 50, 51, 53, 56, 58, 69, 72, 74, 75, 77, 80, 82, 86, 100, 113, 114, 116, 117, 121, 122, 127, 138, 140, 142, 147, 151, 152, 154, 157, 163, 164, 167, 169, 172, 173, 177, 191, 192, 195, 196, 202, 204, 205, 206, 209, 214, 217, 218, 232, 233, 234, 235, 239, 240, 244, 247, 248, 263, 265, 266, 271, 276, 278, 287, 292, 293]
Parameter_Ranges: [(0.001, 0.1), (0.01, 0.5), (0.5, 2.0), (0.0, 0.8), (0.0026755852842809368, 0.8)]
Best_Validation_Loss: 0.24176173956155353
Best_Epoch: 9900
Total_Epochs: 10000
Model_Architecture: Chain(Dense(5 => 20, celu), Dropout(0.2), Dense(20 => 20, celu), Dropout(0.2), Dense(20 => 200))
Date_and_Time: 2024-10-17T13:46:40.301
Optimizer: Adam(0.001)
Batch_Size: 8
