Model and Training Parameters:
Date_and_Time: 2024-10-28T19:32:58.775
Total_Runtime: 0h 16m 15.89s
Random_Seed_Number: 1212
Model_Architecture: Chain(Dense(5 => 20, celu), Dense(20 => 1))
Optimizer: Adam(0.0001)
Optimizer_FULL_Details: Leaf(Adam(0.0001, (0.9, 0.999)
Batch_Size: 4
Total_Epochs: 50000
Best_Epoch: 44253
Best_Training_Loss: 0.02178877106466273
Best_Validation_Loss: 0.04429840787084587
Huber_Loss_delta_param: 1
orig_Training_IDs: [2, 5, 6, 11, 13, 13, 17, 20, 20, 21, 21, 22, 26, 26, 27, 32, 32, 33, 33, 34, 40, 42, 43, 44, 46, 47, 48, 56, 56, 57, 60, 62, 64, 65, 66, 66, 70, 71, 71, 72, 73, 74, 75, 76, 78, 79, 79, 83, 84, 86, 87, 88, 92, 96, 98, 99, 102, 103, 109, 109, 110, 112, 114, 115, 116, 117, 118, 119, 124, 126, 129, 130, 130, 131, 135, 137, 137, 140, 143, 146, 147, 147, 150, 151, 153, 155, 156, 159, 160, 160, 173, 176, 179, 179, 183, 184, 185, 187, 189, 190, 191, 192, 194, 195, 196, 199, 199, 202, 204, 205, 207, 208, 209, 209, 210, 211, 212, 214, 215, 217, 219, 219, 221, 222, 222, 223, 224, 225, 227, 228, 229, 230, 231, 232, 237, 240, 242, 246, 247, 248, 251, 253, 255, 256, 257, 258, 260, 261, 263, 264, 266, 268, 268, 269, 275, 276, 277, 278, 279, 281, 282, 283, 285, 287, 289, 290, 290, 294, 296]
orig_Test_IDs: [2, 12, 19, 28, 29, 29, 38, 50, 55, 60, 65, 68, 77, 80, 81, 83, 84, 89, 104, 115, 120, 120, 123, 136, 138, 157, 158, 159, 169, 171, 173, 188, 196, 200, 206, 215, 220, 241, 259, 265, 277, 283]
Sample_Ratio_Train_to_Val: 169/42
