Model and Training Parameters:
orig_Training_IDs: [3, 4, 5, 6, 10, 11, 12, 15, 16, 22, 24, 26, 27, 30, 32, 33, 36, 37, 38, 45, 46, 50, 51, 52, 53, 54, 57, 58, 61, 63, 65, 66, 70, 71, 72, 73, 75, 77, 82, 86, 88, 93, 98, 101, 108, 109, 111, 112, 113, 114, 115, 116, 118, 120, 121, 124, 127, 128, 130, 132, 133, 136, 138, 140, 141, 142, 143, 148, 151, 152, 154, 157, 158, 160, 161, 162, 163, 164, 169, 170, 172, 173, 174, 175, 177, 184, 189, 190, 192, 198, 199, 200, 202, 204, 205, 206, 208, 209, 210, 212, 220, 221, 222, 223, 224, 228, 232, 235, 238, 239, 241, 243, 244, 245, 247, 248, 249, 251, 252, 253, 254, 260, 261, 262, 263, 264, 265, 267, 271, 272, 274, 276, 277, 278, 280, 282, 283, 284, 286, 287, 288, 289, 290, 291, 292, 293, 294, 295, 296, 298, 299, 300]
Best_Training_Loss: 0.021077858985394448
orig_Test_IDs: [1, 8, 9, 19, 20, 29, 40, 42, 43, 44, 47, 48, 49, 55, 56, 67, 69, 74, 76, 80, 89, 91, 92, 94, 95, 96, 100, 107, 117, 122, 125, 126, 131, 135, 139, 145, 147, 153, 159, 167, 168, 179, 180, 186, 187, 188, 191, 194, 195, 196, 197, 203, 207, 213, 214, 216, 217, 218, 225, 227, 230, 233, 234, 236, 237, 240, 246, 256, 257, 258, 259, 266, 269, 273, 281]
Parameter_Ranges: [(0.001, 0.1), (0.01, 0.5), (0.5, 2.0), (0.0, 0.8), (0.0026755852842809368, 0.8)]
Best_Validation_Loss: 0.0966899129986828
Best_Epoch: 9765
Total_Epochs: 10000
Model_Architecture: Chain(Dense(5 => 20, celu), Dense(20 => 20, celu), Dense(20 => 200))
Date_and_Time: 2024-10-17T13:42:54.426
Optimizer: Adam(0.001)
Batch_Size: 8
