Model and Training Parameters:
Date_and_Time: 2024-10-25T14:28:11.802
Total_Runtime: 0h 4m 42.21s
Random_Seed_Number: 2134
Model_Architecture: Chain(Dense(7 => 28, celu), Dense(28 => 1))
Optimizer: Adam(0.0001)
Optimizer_FULL_Details: Leaf(Adam(0.0001, (0.9, 0.999)
Batch_Size: 4
Total_Epochs: 10000
Best_Epoch: 9986
Best_Training_Loss: 0.0002295802978285538
Best_Validation_Loss: 0.00021172725155133511
Huber_Loss_delta_param: 0.001
orig_Training_IDs: [1, 3, 5, 6, 7, 9, 10, 12, 13, 14, 15, 16, 17, 20, 21, 23, 24, 25, 26, 27, 28, 29, 30, 31, 33, 34, 35, 37, 39, 40, 41, 42, 43, 44, 45, 46, 48, 49, 50, 54, 55, 56, 58, 59, 60, 62, 63, 65, 66, 67, 68, 69, 70, 71, 73, 74, 75, 77, 78, 79, 80, 81, 82, 83, 84, 85, 86, 87, 90, 92, 93, 94, 95, 98, 99, 101, 102, 103, 105, 106, 107, 108, 109, 110, 111, 112, 113, 115, 116, 117, 118, 119, 120, 121, 122, 123, 124, 125, 127, 128, 129, 130, 131, 132, 134, 135, 136, 137, 138, 139, 140, 143, 144, 148, 149, 150, 151, 152, 154, 155, 156, 157, 158, 159, 160, 161, 162, 163, 164, 165, 166, 167, 171, 172, 174, 177, 178, 179, 180, 181, 183, 184, 185, 186, 187, 188, 189, 190, 191, 192, 194, 195, 196, 197, 198, 199, 200, 201, 202, 203, 204, 206, 207, 209, 210, 211, 212, 214, 215, 217, 218, 219, 220, 221, 224, 226, 228, 229, 230, 231, 232, 233, 234, 235, 238, 239, 240, 241, 242, 244, 245, 246, 247, 248, 250, 251, 252, 253, 255, 256, 257, 261, 262, 263, 264, 266, 268, 269, 270, 271, 272, 273, 274, 275, 277, 278, 279, 280, 281, 282, 284, 285, 286, 287, 288, 290, 291, 292, 293, 294, 295, 296, 299, 300]
orig_Test_IDs: [2, 4, 8, 11, 18, 19, 22, 32, 36, 47, 51, 52, 53, 57, 61, 64, 72, 76, 88, 89, 91, 96, 97, 104, 114, 133, 141, 142, 145, 146, 153, 168, 169, 170, 173, 175, 176, 182, 193, 205, 213, 216, 222, 223, 225, 227, 236, 237, 243, 249, 254, 258, 260, 267, 283, 289, 297, 298]
Sample_Ratio_Train_to_Val: 234/58
