Model and Training Parameters:
Date_and_Time: 2024-10-26T23:11:51.408
Total_Runtime: 0h 3m 37.37s
Random_Seed_Number: 1234
Model_Architecture: Chain(Dense(5 => 20, celu), Dense(20 => 200))
Optimizer: Adam(0.001)
Optimizer_FULL_Details: Leaf(Adam(0.001, (0.9, 0.999)
Batch_Size: 8
Total_Epochs: 5000
Best_Epoch: 4935
Best_Training_Loss: 0.23833554124350836
Best_Validation_Loss: 0.4871317139703736
orig_Training_IDs: [2, 5, 11, 13, 15, 19, 20, 21, 22, 27, 29, 30, 32, 33, 38, 40, 43, 48, 55, 56, 57, 64, 65, 66, 71, 72, 79, 80, 81, 83, 85, 88, 89, 93, 99, 103, 104, 109, 113, 114, 115, 117, 120, 121, 123, 124, 126, 129, 130, 135, 137, 138, 139, 143, 144, 145, 147, 151, 153, 155, 157, 158, 159, 160, 169, 171, 173, 179, 192, 199, 200, 202, 204, 205, 206, 208, 209, 219, 221, 222, 223, 224, 229, 230, 231, 232, 246, 251, 253, 257, 258, 261, 263, 265, 269, 277, 281, 282, 287, 289, 290, 296]
orig_Test_IDs: [12, 26, 28, 47, 50, 60, 68, 70, 78, 84, 132, 133, 185, 194, 196, 197, 215, 225, 228, 240, 247, 264, 268, 276, 283]
Sample_Ratio_Train_to_Val: 102/25
