Model and Training Parameters:
Date_and_Time: 2024-10-28T09:56:33.142
Total_Runtime: 0h 1m 29.83s
Random_Seed_Number: 1212
Model_Architecture: Chain(Dense(5 => 20, celu), Dense(20 => 200))
Optimizer: Adam(0.001)
Optimizer_FULL_Details: Leaf(Adam(0.001, (0.9, 0.999)
Batch_Size: 4
Total_Epochs: 5000
Best_Epoch: 4992
Best_Training_Loss: 0.22867276624977975
Best_Validation_Loss: 0.27471074308346877
orig_Training_IDs: [2, 5, 6, 11, 12, 13, 15, 19, 20, 20, 21, 21, 22, 25, 26, 28, 29, 29, 32, 32, 33, 33, 34, 38, 39, 40, 44, 46, 47, 48, 56, 56, 60, 60, 62, 63, 65, 65, 66, 66, 68, 70, 71, 71, 73, 74, 75, 76, 77, 79, 80, 80, 83, 84, 84, 86, 87, 88, 88, 89, 93, 96, 98, 102, 103, 109, 110, 113, 114, 115, 115, 116, 117, 118, 119, 120, 120, 122, 123, 124, 126, 129, 130, 130, 131, 135, 136, 137, 138, 139, 143, 146, 147, 150, 151, 153, 155, 157, 158, 160, 171, 179, 185, 192, 194, 196, 197, 199, 200, 202, 204, 205, 206, 208, 209, 215, 219, 221, 222, 223, 224, 225, 229, 231, 232, 240, 247, 253, 257, 258, 261, 263, 264, 265, 268, 269, 276, 277, 281, 282, 283, 289, 290, 296]
orig_Test_IDs: [2, 11, 13, 17, 26, 27, 30, 42, 43, 50, 55, 57, 64, 72, 78, 79, 81, 83, 85, 92, 99, 104, 109, 112, 121, 137, 138, 140, 145, 147, 159, 169, 173, 230, 246, 287]
Sample_Ratio_Train_to_Val: 144/36
