Model and Training Parameters:
Date_and_Time: 2024-10-27T23:56:43.779
Total_Runtime: 0h 1m 57.56s
Random_Seed_Number: 1212
Model_Architecture: Chain(Dense(5 => 20, celu), Dense(20 => 200))
Optimizer: Adam(0.001)
Optimizer_FULL_Details: Leaf(Adam(0.001, (0.9, 0.999)
Batch_Size: 4
Total_Epochs: 5000
Best_Epoch: 3867
Best_Training_Loss: 0.23140991818786594
Best_Validation_Loss: 0.3414029879056398
orig_Training_IDs: [2, 6, 10, 11, 13, 17, 20, 21, 25, 26, 33, 34, 39, 40, 42, 44, 46, 55, 56, 62, 63, 71, 73, 74, 75, 79, 80, 86, 87, 88, 92, 93, 98, 109, 110, 112, 115, 116, 118, 119, 120, 122, 130, 131, 136, 137, 138, 140, 146, 147, 150]
orig_Test_IDs: [29, 32, 60, 65, 66, 76, 77, 83, 84, 96, 102, 135]
Sample_Ratio_Train_to_Val: 51/12
