Model and Training Parameters:
Date_and_Time: 2024-10-28T18:03:46.610
Total_Runtime: 0h 54m 2.36s
Random_Seed_Number: 1234
Model_Architecture: Chain(Dense(5 => 20, celu), Dropout(0.2), Dense(20 => 20, celu), Dropout(0.2), Dense(20 => 150))
Optimizer: Adam(0.00025)
Optimizer_FULL_Details: Leaf(Adam(0.00025, (0.9, 0.999)
Batch_Size: 4
Total_Epochs: 100000
Best_Epoch: 85907
Best_Training_Loss: 0.23575193796624017
Best_Validation_Loss: 0.24059774292056807
orig_Training_IDs: [2, 2, 5, 11, 12, 13, 13, 17, 19, 20, 20, 21, 21, 22, 26, 26, 27, 29, 32, 33, 33, 34, 38, 42, 43, 44, 46, 47, 48, 50, 55, 56, 56, 60, 62, 65, 65, 66, 66, 68, 70, 71, 71, 72, 73, 76, 77, 78, 79, 81, 83, 83, 84, 84, 86, 87, 88, 89, 96, 98, 99, 102, 103, 104, 109, 109, 110, 112, 114, 115, 116, 117, 118, 120, 120, 123, 124, 129, 130, 130, 131, 136, 137, 138, 140, 143, 146, 147, 147, 150, 151, 153, 155, 156, 157, 158, 159, 171, 173, 176, 179, 179, 184, 185, 188, 189, 190, 191, 192, 194, 195, 196, 196, 199, 199, 200, 202, 204, 206, 207, 208, 209, 209, 211, 212, 214, 215, 215, 217, 219, 220, 221, 222, 222, 223, 224, 227, 229, 230, 232, 237, 241, 242, 246, 247, 248, 253, 255, 257, 258, 259, 260, 261, 263, 265, 266, 268, 269, 275, 276, 277, 277, 283, 283, 285, 287, 289, 290, 290]
orig_Test_IDs: [6, 28, 29, 32, 40, 57, 60, 64, 74, 75, 79, 80, 92, 115, 119, 126, 135, 137, 159, 160, 160, 169, 173, 183, 187, 205, 210, 219, 225, 228, 231, 240, 251, 256, 264, 268, 278, 279, 281, 282, 294, 296]
Sample_Ratio_Train_to_Val: 169/42
