Model and Training Parameters:
Date_and_Time: 2024-11-22T21:16:28.426
Total_Runtime: 0h 0m 53.73s
Random_Seed_Number: 1234
Model_Architecture: Chain(Dense(7 => 28, celu), Dropout(0.4), Dense(28 => 28, celu), Dropout(0.4), Dense(28 => 150))
Optimizer: Adam(0.001)
Optimizer_FULL_Details: Leaf(Adam(0.001, (0.9, 0.999)
Batch_Size: 8
Total_Epochs: 1000
Best_Epoch: 906
Best_Training_Loss: 0.6090866378761898
Best_Validation_Loss: 0.7019450228095538
orig_Training_IDs: [1, 2, 4, 5, 6, 7, 8, 9, 10, 11, 14, 15, 16, 17, 19, 21, 22, 23, 27, 28, 29, 30, 31, 32, 33, 36, 37, 38, 39, 40, 41, 42, 43, 45, 46, 47, 48, 49, 50, 52, 53, 56, 57, 58, 59, 60, 61, 62, 63, 64, 65, 68, 70, 71, 72, 74, 75, 77, 80, 81, 82, 83, 84, 85, 86, 87, 88, 90, 91, 92, 93, 96, 97, 98, 99, 100, 101, 104, 106, 107, 108, 111, 112, 113, 114, 115, 116, 118, 119, 120, 121, 122, 123, 124, 126, 127, 128, 129, 130, 131, 132, 133, 134, 135, 136, 137, 138, 139, 142, 143, 144, 145, 146, 148, 149, 150, 152, 153, 154, 155, 156, 157, 159, 161, 163, 164, 166, 168, 171, 172, 173, 175, 176, 180, 181, 182, 184, 186, 187, 188, 189, 190, 191, 192, 193, 194, 195, 196, 197, 198, 199, 200, 201, 202, 203, 204, 205, 206, 207, 209, 210, 211, 213, 214, 216, 218, 219, 221, 224, 225, 227, 231, 233, 234, 235, 237, 238, 239, 240, 241, 243, 244, 245, 246, 247, 248, 250, 254, 256, 257, 258, 260, 261, 262, 264, 265, 267, 268, 270, 271, 273, 275, 276, 277, 278, 281, 283, 284, 285, 287, 289, 290, 291, 292, 293, 294, 295]
orig_Test_IDs: [12, 13, 24, 25, 26, 34, 35, 51, 66, 67, 69, 76, 78, 79, 95, 102, 103, 105, 109, 110, 117, 125, 140, 141, 151, 158, 162, 167, 170, 178, 179, 183, 185, 208, 212, 217, 222, 229, 232, 236, 242, 251, 252, 255, 259, 266, 269, 272, 279, 280, 282, 286, 288, 296]
Sample_Ratio_Train_to_Val: 217/54
