Model and Training Parameters:
Date_and_Time: 2025-01-21T10:36:10.808
Total_Runtime: 0h 5m 19.65s
Random_Seed_Number: 1234
Model_Architecture: Chain(Dense(7 => 28, celu), Dropout(0.4), Dense(28 => 28, celu), Dropout(0.4), Dense(28 => 150))
Optimizer: Adam(0.001)
Optimizer_FULL_Details: Leaf(Adam(0.001, (0.9, 0.999)
Batch_Size: 8
Total_Epochs: 10000
Best_Epoch: 6912
Best_Training_Loss: 0.1712652192984079
Best_Validation_Loss: 0.20202419787386308
orig_Training_IDs: [1, 2, 3, 4, 5, 6, 7, 8, 9, 10, 12, 13, 14, 15, 16, 17, 18, 19, 20, 24, 25, 26, 27, 28, 29, 30, 34, 35, 36, 37, 39, 40, 41, 42, 43, 44, 45, 46, 47, 48, 50, 51, 52, 54, 55, 56, 57, 58, 59, 60, 61, 62, 65, 67, 68, 69, 70, 71, 72, 73, 74, 76, 78, 79, 82, 83, 84, 85, 87, 88, 89, 92, 93, 94, 95, 96, 97, 99, 101, 103, 104, 107, 108, 109, 110, 114, 115, 116, 117, 118, 120, 121, 123, 124, 127, 128, 129, 130, 131, 132, 134, 135, 136, 137, 140, 141, 142, 143, 144, 145, 146, 148, 150, 151, 152, 153, 154, 156, 157, 160, 161, 162, 164, 165, 166, 167, 168, 169, 170, 172, 173, 174, 175, 177, 179, 180, 181, 182, 183, 184, 185, 186, 187, 188, 189, 190, 191, 193, 194, 195, 197, 198, 199, 200, 202, 203, 204, 206, 207, 209, 210, 211, 212, 213, 215, 216, 217, 219, 221, 222, 223, 224, 226, 227, 228, 229, 231, 232, 233, 234, 235, 236, 239, 241, 242, 243, 244, 247, 248, 249, 250, 251, 252, 253, 254, 255, 256, 257, 258, 260, 261, 263, 264, 266, 267, 268, 269, 270, 271, 272, 274, 275, 277, 278, 279, 282, 284, 285, 286, 287, 288, 289, 290, 291, 295, 296, 297, 298, 299, 300]
orig_Test_IDs: [11, 21, 23, 31, 32, 33, 49, 53, 63, 66, 75, 80, 81, 86, 90, 91, 98, 102, 105, 106, 111, 112, 113, 122, 125, 133, 138, 139, 149, 155, 158, 159, 163, 171, 176, 178, 192, 196, 201, 205, 214, 218, 220, 225, 230, 237, 238, 245, 246, 262, 273, 280, 281, 283, 292, 293, 294]
Sample_Ratio_Train_to_Val: 230/57
