Model and Training Parameters:
Date_and_Time: 2024-10-28T09:34:54.484
Total_Runtime: 0h 1m 51.18s
Random_Seed_Number: 1212
Model_Architecture: Chain(Dense(5 => 20, celu), Dense(20 => 200))
Optimizer: Adam(0.001)
Optimizer_FULL_Details: Leaf(Adam(0.001, (0.9, 0.999)
Batch_Size: 4
Total_Epochs: 5000
Best_Epoch: 4880
Best_Training_Loss: 0.23669631500935404
Best_Validation_Loss: 0.29582818801134275
orig_Training_IDs: [2, 5, 6, 10, 11, 12, 13, 15, 17, 19, 20, 20, 21, 21, 22, 25, 28, 29, 29, 32, 33, 34, 38, 39, 40, 42, 43, 44, 46, 47, 50, 55, 56, 56, 60, 60, 62, 63, 64, 65, 65, 66, 66, 68, 71, 74, 75, 76, 77, 78, 79, 80, 80, 81, 83, 84, 84, 85, 86, 87, 88, 89, 93, 96, 98, 102, 103, 104, 109, 109, 110, 113, 114, 115, 116, 117, 118, 119, 120, 120, 121, 122, 123, 124, 130, 130, 131, 132, 135, 136, 137, 138, 138, 139, 143, 144, 145, 146, 147, 150, 151, 155, 158, 159, 160, 169, 171, 173, 179, 185, 192, 194, 196, 197, 199, 200, 202, 204, 205, 206, 208, 209, 215, 219, 222, 223, 224, 229, 230, 231, 232, 240, 246, 247, 253, 257, 258, 261, 263, 264, 265, 268, 276, 277, 281, 282, 283, 287, 289, 296]
orig_Test_IDs: [2, 11, 13, 26, 26, 27, 30, 32, 33, 40, 48, 55, 57, 70, 71, 72, 73, 79, 83, 88, 92, 93, 99, 112, 115, 126, 129, 135, 137, 140, 147, 153, 157, 221, 225, 269, 290]
Sample_Ratio_Train_to_Val: 150/37
