Model and Training Parameters:
Date_and_Time: 2024-10-25T22:18:30.780
Total_Runtime: 0h 39m 26.12s
Random_Seed_Number: 4321
Model_Architecture: Chain(Dense(5 => 20, celu), Dense(20 => 20, celu), Dense(20 => 1))
Optimizer: Adam(0.0001)
Optimizer_FULL_Details: Leaf(Adam(0.0001, (0.9, 0.999)
Batch_Size: 4
Total_Epochs: 100000
Best_Epoch: 29958
Best_Training_Loss: 0.0010498543840318864
Best_Validation_Loss: 0.004080547942810482
Huber_Loss_delta_param: 1
orig_Training_IDs: [1, 3, 4, 5, 6, 8, 9, 10, 12, 15, 16, 19, 20, 22, 27, 29, 32, 33, 36, 37, 40, 42, 43, 44, 45, 46, 47, 48, 49, 51, 52, 54, 55, 56, 57, 58, 65, 67, 69, 70, 71, 72, 73, 74, 75, 77, 80, 82, 86, 88, 89, 91, 93, 94, 95, 96, 98, 100, 101, 107, 111, 112, 113, 114, 115, 116, 117, 118, 120, 122, 125, 126, 127, 128, 131, 132, 133, 136, 138, 139, 140, 142, 145, 147, 148, 151, 153, 154, 157, 158, 159, 161, 162, 164, 167, 169, 170, 172, 173, 174, 175, 177, 179, 180, 184, 186, 187, 188, 189, 190, 191, 192, 194, 195, 197, 198, 199, 200, 202, 204, 205, 206, 207, 208, 210, 212, 213, 214, 218, 220, 221, 222, 224, 225, 227, 228, 230, 232, 233, 234, 235, 236, 237, 239, 240, 243, 244, 245, 246, 247, 248, 251, 253, 256, 257, 258, 259, 260, 261, 262, 263, 265, 266, 269, 272, 273, 274, 276, 278, 280, 281, 284, 286, 288, 289, 292, 294, 295, 296, 298, 299, 300]
orig_Test_IDs: [11, 24, 26, 30, 38, 50, 53, 61, 63, 66, 76, 92, 108, 109, 121, 124, 130, 135, 141, 143, 152, 160, 163, 168, 196, 203, 209, 216, 217, 223, 238, 241, 249, 252, 254, 264, 267, 271, 277, 282, 283, 287, 290, 291, 293]
Sample_Ratio_Train_to_Val: 182/45
