Model and Training Parameters:
orig_Training_IDs: [1, 5, 6, 7, 8, 9, 11, 12, 13, 17, 19, 20, 21, 24, 26, 27, 28, 29, 30, 32, 35, 36, 39, 42, 43, 44, 45, 46, 48, 49, 51, 52, 53, 55, 56, 58, 61, 63, 66, 69, 70, 73, 74, 75, 76, 77, 80, 82, 83, 85, 86, 91, 92, 93, 94, 95, 96, 98, 101, 102, 109, 110, 111, 113, 118, 122, 124, 126, 127, 128, 129, 131, 132, 133, 135, 136, 140, 141, 142, 143, 145, 152, 153, 154, 157, 158, 159, 160, 161, 163, 164, 167, 168, 169, 171, 172, 174, 179, 182, 185, 186, 188, 194, 195, 197, 198, 199, 200, 202, 203, 204, 205, 207, 209, 210, 213, 214, 215, 217, 218, 222, 223, 227, 230, 231, 233, 237, 238, 240, 241, 244, 245, 246, 248, 253, 256, 257, 258, 259, 261, 263, 264, 266, 269, 270, 272, 274, 276, 278, 279, 280, 282, 283, 286, 288, 292, 294, 295, 296, 299]
Model_Architecture: Chain(Dense(5 => 20, relu), Dense(20 => 20, relu), Dense(20 => 500))
Date_and_Time: 2024-10-14T15:35:50.201
Optimizer: Adam(0.001)
Batch_Size: 8
Total_Epochs: 10000
orig_Test_IDs: [3, 4, 10, 22, 31, 37, 40, 47, 50, 54, 57, 65, 71, 72, 84, 88, 89, 90, 100, 103, 105, 107, 114, 115, 116, 117, 120, 125, 130, 139, 147, 148, 149, 151, 162, 166, 170, 173, 175, 177, 178, 180, 184, 187, 189, 190, 191, 212, 216, 220, 221, 224, 225, 228, 232, 234, 236, 239, 243, 247, 249, 251, 252, 254, 260, 262, 265, 267, 271, 273, 277, 281, 284, 287, 290, 291, 293, 298, 300]
Parameter_Ranges: [(0.001, 0.09966889632107025), (0.01, 0.5), (0.5, 2.0), (0.0026755852842809368, 0.8), (0.005351170568561873, 0.8)]
