Model and Training Parameters:
orig_Training_IDs: [2, 3, 5, 6, 7, 8, 11, 12, 13, 14, 15, 17, 18, 22, 23, 24, 25, 26, 28, 30, 31, 32, 33, 34, 37, 39, 40, 41, 42, 43, 48, 49, 50, 52, 53, 55, 56, 57, 58, 59, 60, 61, 62, 63, 66, 67, 68, 69, 71, 72, 75, 76, 77, 79, 80, 81, 83, 84, 85, 86, 87, 89, 91, 92, 93, 95, 97, 98, 99, 101, 102, 104, 106, 107, 108, 109, 110, 114, 116, 117, 118, 120, 121, 124, 127, 129, 130, 131, 132, 134, 135, 136, 138, 139, 140, 141, 142, 143, 149, 151, 153, 154, 155, 157, 158, 160, 161, 165, 167, 168, 169, 170, 171, 172, 173, 174, 175, 176, 179, 181, 183, 184, 185, 187, 188, 189, 194, 196, 198, 199, 200, 201, 202, 203, 204, 205, 206, 207, 209, 211, 212, 213, 214, 215, 216, 220, 221, 222, 223, 224, 228, 229, 230, 232, 233, 234, 236, 237, 238, 239, 240, 241, 244, 245, 246, 248, 249, 253, 254, 257, 258, 260, 261, 262, 263, 264, 266, 267, 269, 272, 273, 274, 275, 279, 280, 282, 284, 285, 286, 289, 290, 292, 293, 294, 297]
Model_Architecture: Chain(Dense(7 => 28, relu), Dense(28 => 28, relu), Dense(28 => 500))
Date_and_Time: 2024-10-11T11:24:07.506
Optimizer: Adam(0.001)
Batch_Size: 8
Total_Epochs: 5000
orig_Test_IDs: [1, 4, 9, 10, 16, 19, 20, 21, 27, 29, 35, 36, 44, 45, 46, 47, 51, 54, 64, 65, 70, 73, 74, 78, 82, 88, 90, 94, 96, 103, 105, 111, 112, 113, 115, 119, 122, 123, 125, 128, 133, 137, 144, 145, 146, 148, 150, 152, 156, 159, 162, 163, 164, 166, 177, 178, 180, 182, 186, 190, 191, 192, 193, 195, 197, 210, 217, 218, 219, 225, 226, 227, 231, 235, 242, 243, 247, 250, 251, 252, 255, 256, 268, 270, 271, 277, 278, 281, 283, 287, 288, 291, 295, 296, 298, 299, 300]
Parameter_Ranges: [(0.013, 0.031), (0.09845150501672241, 0.233), (1.16, 1.48), (13.6, 31.4), (1.0, 2.5), (0.0, 90.0), (0.10167224080267559, 0.5983277591973244)]
