Model and Training Parameters:
Model_Architecture: Chain(Dense(7 => 28), Dropout(0.5), LayerNorm(28, relu), Dense(28 => 28), Dropout(0.5), LayerNorm(28, relu), Dense(28 => 500))
Training_IDs: [56, 35, 110, 60, 234, 67, 6, 215, 73, 182, 253, 153, 186, 112, 185, 64, 13, 86, 168, 263, 104, 242, 177, 52, 12, 75, 23, 111, 69, 68, 82, 130, 125, 119, 39, 77, 216, 126, 172, 71, 66, 156, 280, 2, 27, 26, 261, 211, 144, 116, 273, 257, 200, 279, 20, 79, 81, 141, 278, 187, 213, 135, 9, 227, 138, 107, 276, 249, 57, 152, 247, 241, 88, 129, 236, 250, 260, 133, 72, 258, 8, 252, 1, 83, 22, 154, 190, 201, 99, 121, 206, 33, 40, 231, 113, 245, 174, 165, 268, 32, 136, 45, 145, 233, 196, 275, 210, 239, 63, 244, 205, 62, 218, 176, 150, 122, 58, 199, 28, 173, 256, 148, 188, 277, 92, 36, 98, 235, 118, 84, 95, 7, 25, 76, 232, 93, 50, 243, 18, 194, 167, 248, 140, 157, 202, 132, 180, 255, 160, 19, 44, 217, 146, 61, 29, 94, 225, 228, 128, 259, 70, 21, 229, 38, 163, 131, 226, 192, 101, 105, 223, 221, 17, 53, 271, 175, 89, 214, 178, 51, 274, 149, 246, 155, 48, 15, 97, 134]
Date_and_Time: 2024-10-07T17:47:09.808
Optimizer: Adam(0.001)
Batch_Size: 8
Total_Epochs: 1000
Test_IDs: [220, 30, 219, 272, 164, 115, 251, 267, 90, 139, 4, 207, 183, 224, 179, 264, 41, 43, 11, 171, 85, 108, 103, 59, 208, 10, 124, 127, 100, 195, 230, 189, 222, 109, 161, 46, 170, 209, 120, 238, 78, 24, 184, 37, 137, 237, 281, 14, 270, 254, 142, 269, 5, 55, 114, 123, 265, 117, 197, 262, 151, 54, 191, 91, 158, 204, 162, 203, 34, 240, 147, 42, 87, 169, 16, 49, 266, 31, 74, 106, 212, 102, 159, 193, 47, 166, 198, 3, 80, 96, 181, 143, 65]
Parameter_Ranges: [(0.013, 0.031), (0.098, 0.233), (1.16, 1.48), (13.6, 31.4), (1.0133779264214047, 3.0), (0.0, 90.0), (0.10234113712374583, 0.8)]
