Model and Training Parameters:
orig_Training_IDs: [1, 3, 4, 5, 6, 8, 11, 12, 15, 16, 19, 20, 22, 24, 27, 32, 33, 36, 40, 42, 43, 45, 46, 50, 51, 52, 53, 54, 58, 61, 63, 65, 67, 70, 71, 73, 74, 75, 76, 77, 80, 82, 86, 88, 89, 93, 94, 95, 98, 100, 101, 107, 108, 109, 111, 112, 114, 115, 116, 117, 118, 120, 122, 124, 130, 131, 132, 133, 136, 138, 139, 140, 142, 143, 145, 148, 151, 152, 153, 157, 159, 160, 161, 163, 164, 169, 170, 172, 174, 175, 179, 180, 184, 187, 188, 191, 192, 194, 196, 198, 199, 206, 207, 210, 212, 213, 214, 216, 217, 218, 221, 224, 234, 236, 237, 238, 240, 241, 243, 244, 245, 246, 247, 252, 253, 254, 256, 257, 258, 259, 260, 261, 263, 264, 265, 266, 267, 269, 273, 274, 276, 278, 280, 282, 283, 284, 288, 290, 293, 294, 296, 300]
Best_Training_Loss: 0.18717611196077924
orig_Test_IDs: [9, 10, 26, 29, 30, 37, 38, 44, 47, 48, 49, 55, 56, 57, 66, 69, 72, 91, 92, 96, 113, 121, 125, 126, 127, 128, 135, 141, 147, 154, 158, 162, 167, 168, 173, 177, 186, 189, 190, 195, 197, 200, 202, 203, 204, 205, 208, 209, 220, 222, 223, 225, 227, 228, 230, 232, 233, 235, 239, 248, 249, 251, 262, 271, 272, 277, 281, 286, 287, 289, 291, 292, 295, 298, 299]
Parameter_Ranges: [(0.001, 0.1), (0.01, 0.5), (0.5, 2.0), (0.0, 0.8), (0.0026755852842809368, 0.8)]
Best_Validation_Loss: 0.2537372594271631
Best_Epoch: 14994
Total_Epochs: 15000
Model_Architecture: Chain(Dense(5 => 20, celu), Dropout(0.2), Dense(20 => 20, celu), Dropout(0.2), Dense(20 => 200))
Date_and_Time: 2024-10-17T14:01:26.594
Optimizer: Adam(0.001)
Batch_Size: 8
