Model and Training Parameters:
Model_Architecture: Chain(Dense(5 => 20, relu), Dense(20 => 20, relu), Dense(20 => 500))
Training_IDs: [5, 56, 35, 20, 16, 81, 79, 60, 19, 32, 6, 67, 44, 9, 73, 74, 64, 61, 29, 57, 4, 13, 54, 63, 38, 62, 78, 58, 52, 72, 12, 24, 8, 17, 37, 75, 1, 22, 41, 11, 36, 82, 3, 51, 7, 25, 33, 66, 76, 40, 34, 50, 59, 2, 10, 42]
Date_and_Time: 2024-09-30T21:30:39.258
Optimizer: Adam(0.001)
Batch_Size: 8
Total_Epochs: 5000
Test_IDs: [55, 30, 49, 45, 31, 46, 70, 21, 28, 23, 47, 43, 53, 68, 69, 14, 83, 80, 39, 77, 71, 48, 15, 18, 26, 27, 65]
Parameter_Ranges: [(0.001, 0.09966889632107025), (0.01, 0.5), (0.5, 2.0), (0.0026755852842809368, 0.8), (0.005351170568561873, 0.8)]
