Model and Training Parameters:
Date_and_Time: 2024-10-27T23:42:57.029
Total_Runtime: 0h 1m 51.2s
Random_Seed_Number: 4321
Model_Architecture: Chain(Dense(5 => 20, celu), Dense(20 => 200))
Optimizer: Adam(0.001)
Optimizer_FULL_Details: Leaf(Adam(0.001, (0.9, 0.999)
Batch_Size: 4
Total_Epochs: 5000
Best_Epoch: 3969
Best_Training_Loss: 0.24757694176090098
Best_Validation_Loss: 0.38835670312357357
orig_Training_IDs: [2, 6, 10, 11, 13, 17, 20, 21, 25, 29, 32, 33, 34, 39, 40, 44, 46, 55, 56, 60, 62, 63, 66, 73, 74, 75, 76, 77, 79, 80, 83, 86, 88, 92, 93, 96, 102, 109, 112, 115, 118, 119, 120, 122, 130, 136, 137, 138, 140, 146, 147, 150]
orig_Test_IDs: [26, 42, 65, 71, 84, 87, 98, 107, 110, 116, 131, 135]
Sample_Ratio_Train_to_Val: 52/12
