Model and Training Parameters:
Date_and_Time: 2024-10-28T12:09:32.658
Total_Runtime: 0h 29m 17.95s
Random_Seed_Number: 4321
Model_Architecture: Chain(Dense(5 => 20, celu), Dense(20 => 20, celu), Dense(20 => 1))
Optimizer: Adam(0.0001)
Optimizer_FULL_Details: Leaf(Adam(0.0001, (0.9, 0.999)
Batch_Size: 4
Total_Epochs: 100000
Best_Epoch: 48305
Best_Training_Loss: 0.00823540878475502
Best_Validation_Loss: 0.04908747998722568
Huber_Loss_delta_param: 1
orig_Training_IDs: [2, 5, 6, 11, 12, 13, 13, 17, 19, 20, 20, 21, 22, 26, 27, 28, 29, 29, 32, 33, 33, 34, 38, 40, 42, 44, 46, 48, 50, 55, 56, 57, 60, 60, 62, 64, 65, 65, 66, 68, 70, 71, 71, 72, 73, 74, 75, 76, 77, 78, 79, 79, 80, 81, 83, 83, 84, 87, 88, 89, 92, 93, 96, 99, 102, 104, 109, 110, 112, 114, 115, 115, 117, 119, 120, 124, 129, 130, 130, 131, 137, 137, 138, 140, 143, 146, 147, 147, 150, 151, 153, 157, 158, 159, 160, 169, 171, 173, 185, 192, 194, 196, 199, 200, 205, 206, 215, 219, 221, 222, 223, 224, 225, 229, 230, 232, 246, 247, 253, 257, 261, 263, 264, 268, 269, 276, 277, 282, 287, 289, 290, 296]
orig_Test_IDs: [2, 21, 26, 32, 39, 43, 47, 56, 66, 84, 86, 98, 103, 109, 116, 118, 120, 123, 126, 135, 136, 138, 155, 179, 208, 209, 231, 240, 258, 265, 281, 283]
Sample_Ratio_Train_to_Val: 132/32
