Model and Training Parameters:
Date_and_Time: 2024-11-21T16:53:31.055
Total_Runtime: 0h 0m 44.81s
Random_Seed_Number: 1234
Model_Architecture: Chain(Dense(7 => 28, celu), Dropout(0.4), Dense(28 => 28, celu), Dropout(0.4), Dense(28 => 150))
Optimizer: Adam(0.001)
Optimizer_FULL_Details: Leaf(Adam(0.001, (0.9, 0.999)
Batch_Size: 8
Total_Epochs: 1000
Best_Epoch: 937
Best_Training_Loss: 0.4721902997518821
Best_Validation_Loss: 0.576284313288803
orig_Training_IDs: [1, 2, 3, 4, 5, 7, 9, 10, 13, 14, 15, 16, 17, 18, 19, 20, 21, 29, 31, 33, 34, 35, 36, 37, 41, 42, 43, 45, 46, 47, 48, 50, 51, 53, 54, 56, 58, 59, 61, 62, 63, 65, 66, 67, 68, 70, 72, 73, 75, 76, 78, 81, 82, 83, 84, 88, 89, 90, 92, 93, 94, 95, 96, 101, 102, 103, 105, 107, 108, 109, 110, 112, 113, 114, 115, 116, 117, 118, 120, 121, 123, 124, 127, 128, 129, 130, 132, 136, 137, 138, 139, 140, 141, 142, 144, 145, 147, 148, 149, 150, 151, 152, 153, 154, 155, 156, 157, 160, 161, 163, 164, 165, 166, 167, 168, 170, 171, 172, 174, 175, 179, 181, 184, 185, 187, 190, 191, 192, 194, 195, 196, 201, 202, 203, 204, 209, 210, 211, 212, 214, 215, 216, 217, 218, 219, 220, 222, 223, 224, 225, 227, 228, 230, 231, 232, 233, 236, 237, 238, 239, 240, 242, 243, 246, 247, 248, 249, 251, 252, 253, 255, 257, 258, 259, 260, 262, 263, 264, 265, 267, 271, 276, 277, 278, 283, 284, 286, 287, 288, 291, 292, 294, 295, 297, 301, 302, 304, 306, 307, 308, 309, 312, 313, 315, 317, 318, 319, 320, 321, 322, 325, 326, 327, 328, 329, 331, 332, 333, 334, 335, 336, 338, 339, 341, 343, 344, 346, 347, 348, 349, 350, 351, 352, 354, 355, 356, 357, 360, 361, 362, 366, 368, 370, 371, 373, 374, 375, 376, 378, 382, 383, 385, 386, 387, 388, 389, 391, 393, 394, 396, 399, 401, 402, 403, 405, 408, 409, 410, 411, 412, 413, 414, 416, 420, 424, 426, 427, 429, 430, 432, 434, 435, 437, 440, 443, 445, 447, 450, 452, 454, 455, 459, 462, 464, 469, 470, 472, 473, 474, 476, 477, 478, 479, 481, 482, 483, 484, 485, 487, 488, 490, 494, 495, 496, 497, 499]
orig_Test_IDs: [6, 8, 12, 27, 28, 38, 39, 40, 60, 74, 77, 79, 99, 100, 111, 119, 122, 125, 126, 134, 135, 143, 146, 158, 159, 169, 176, 177, 183, 188, 189, 197, 205, 207, 208, 229, 234, 250, 254, 256, 261, 266, 274, 280, 281, 289, 290, 299, 305, 310, 311, 314, 330, 340, 342, 345, 377, 380, 392, 395, 404, 406, 407, 417, 419, 423, 436, 441, 442, 446, 456, 457, 458, 461, 466, 475, 486, 491]
Sample_Ratio_Train_to_Val: 316/78
