Model and Training Parameters:
Date_and_Time: 2024-10-28T09:49:28.669
Total_Runtime: 0h 1m 28.33s
Random_Seed_Number: 1212
Model_Architecture: Chain(Dense(5 => 20, celu), Dense(20 => 200))
Optimizer: Adam(0.001)
Optimizer_FULL_Details: Leaf(Adam(0.001, (0.9, 0.999)
Batch_Size: 4
Total_Epochs: 5000
Best_Epoch: 4833
Best_Training_Loss: 0.23333859877962754
Best_Validation_Loss: 0.2738973907272749
orig_Training_IDs: [2, 5, 6, 11, 12, 13, 15, 17, 19, 20, 20, 21, 21, 22, 25, 26, 28, 29, 29, 32, 32, 33, 33, 38, 39, 40, 43, 44, 46, 47, 50, 55, 56, 57, 60, 62, 63, 64, 65, 65, 66, 66, 68, 70, 71, 73, 74, 75, 76, 79, 79, 80, 81, 83, 83, 84, 85, 86, 87, 88, 88, 93, 96, 98, 99, 102, 109, 109, 110, 113, 114, 115, 115, 116, 117, 118, 119, 120, 121, 122, 123, 124, 126, 129, 130, 131, 135, 136, 137, 138, 138, 139, 145, 146, 147, 147, 150, 151, 153, 155, 158, 160, 171, 173, 179, 185, 192, 194, 196, 197, 199, 200, 202, 204, 205, 206, 208, 209, 215, 219, 221, 222, 223, 224, 229, 230, 231, 240, 246, 247, 253, 257, 258, 261, 263, 264, 265, 268, 269, 276, 277, 281, 283, 287, 289, 290, 296]
orig_Test_IDs: [2, 10, 11, 13, 26, 27, 30, 34, 40, 42, 48, 56, 60, 71, 72, 77, 78, 80, 84, 89, 92, 103, 104, 112, 120, 130, 137, 140, 143, 144, 157, 159, 169, 225, 232, 282]
Sample_Ratio_Train_to_Val: 147/36
