Model and Training Parameters:
Date_and_Time: 2024-10-28T12:50:55.351
Total_Runtime: 0h 12m 31.76s
Random_Seed_Number: 1234
Model_Architecture: Chain(Dense(5 => 20, celu), Dense(20 => 1))
Optimizer: Adam(0.0001)
Optimizer_FULL_Details: Leaf(Adam(0.0001, (0.9, 0.999)
Batch_Size: 4
Total_Epochs: 50000
Best_Epoch: 49969
Best_Training_Loss: 0.018506278669589156
Best_Validation_Loss: 0.08073164329127808
Huber_Loss_delta_param: 1
orig_Training_IDs: [2, 2, 5, 11, 12, 13, 13, 17, 19, 20, 20, 21, 21, 22, 26, 26, 27, 29, 32, 33, 33, 34, 38, 40, 42, 43, 44, 46, 47, 48, 50, 55, 56, 56, 60, 62, 65, 65, 66, 66, 68, 70, 71, 71, 72, 75, 76, 77, 78, 79, 81, 83, 83, 84, 84, 86, 87, 89, 92, 93, 96, 98, 99, 102, 103, 104, 109, 109, 110, 112, 114, 115, 115, 116, 117, 120, 120, 123, 124, 129, 130, 131, 135, 136, 137, 138, 140, 143, 146, 147, 147, 151, 153, 155, 157, 158, 159, 171, 179, 185, 192, 194, 196, 199, 200, 206, 208, 209, 215, 219, 221, 222, 223, 224, 229, 230, 232, 246, 247, 253, 257, 258, 261, 263, 265, 269, 276, 277, 283, 287, 289, 290]
orig_Test_IDs: [6, 28, 29, 32, 39, 57, 60, 64, 73, 74, 79, 80, 88, 118, 119, 126, 130, 137, 138, 150, 160, 169, 173, 205, 225, 231, 240, 264, 268, 281, 282, 296]
Sample_Ratio_Train_to_Val: 132/32
