Model and Training Parameters:
orig_Training_IDs: [1, 2, 5, 6, 7, 8, 10, 11, 13, 14, 15, 17, 18, 19, 23, 25, 26, 27, 30, 31, 33, 36, 37, 40, 42, 43, 45, 47, 48, 49, 50, 51, 52, 53, 54, 55, 56, 59, 60, 61, 62, 63, 65, 66, 67, 68, 69, 71, 72, 74, 77, 78, 79, 80, 83, 84, 85, 86, 89, 90, 93, 94, 95, 97, 98, 99, 101, 102, 103, 105, 106, 107, 110, 111, 113, 116, 117, 118, 120, 122, 124, 129, 130, 131, 132, 133, 134, 135, 136, 137, 140, 141, 143, 145, 146, 148, 150, 151, 152, 153, 154, 156, 158, 159, 161, 162, 163, 164, 165, 166, 167, 168, 169, 170, 171, 172, 173, 175, 176, 177, 179, 180, 181, 182, 184, 185, 186, 187, 188, 191, 192, 194, 197, 198, 200, 201, 202, 203, 204, 205, 209, 210, 211, 212, 213, 217, 219, 221, 222, 223, 224, 226, 227, 228, 231, 232, 233, 236, 240, 241, 243, 244, 245, 246, 248, 250, 253, 254, 256, 257, 258, 261, 263, 264, 266, 267, 268, 269, 271, 272, 273, 275, 277, 279, 282, 284, 285, 286, 287, 290, 292, 293, 297, 299, 300]
Total_Runtime: 0h 5m 33.77s
Best_Training_Loss: 0.030425885329401398
orig_Test_IDs: [3, 4, 9, 12, 16, 20, 21, 22, 24, 28, 29, 32, 34, 35, 39, 41, 44, 46, 57, 58, 64, 70, 73, 75, 76, 81, 82, 87, 88, 91, 92, 96, 104, 108, 109, 112, 114, 115, 119, 121, 123, 125, 127, 128, 138, 139, 142, 144, 149, 155, 157, 160, 174, 178, 183, 189, 190, 193, 195, 196, 199, 206, 207, 214, 215, 216, 218, 220, 225, 229, 230, 234, 235, 237, 238, 239, 242, 247, 249, 251, 252, 255, 260, 262, 270, 274, 278, 280, 281, 283, 288, 289, 291, 294, 295, 296, 298]
Random_Seed_Number: 4321
Best_Validation_Loss: 0.0643696658138603
Best_Epoch: 19830
Total_Epochs: 20000
Model_Architecture: Chain(Dense(7 => 28, celu), Dense(28 => 1))
Date_and_Time: 2024-10-25T11:30:48.756
Optimizer: Adam(0.0001)
Batch_Size: 4
Optimizer_FULL_Details: Leaf(Adam(0.0001, (0.9, 0.999)



!!!!
0.5 * MSE used here --> no significant difference observed
