Model and Training Parameters:
orig_Training_IDs: [1, 2, 3, 4, 5, 7, 9, 10, 12, 13, 14, 15, 16, 17, 18, 19, 23, 25, 27, 28, 29, 33, 34, 35, 36, 39, 40, 41, 43, 44, 45, 46, 47, 51, 53, 54, 55, 56, 57, 58, 60, 61, 63, 65, 66, 67, 68, 69, 70, 71, 73, 74, 75, 76, 79, 81, 82, 84, 85, 86, 89, 90, 91, 92, 93, 94, 96, 97, 99, 101, 104, 106, 111, 112, 114, 115, 116, 117, 119, 120, 122, 123, 124, 125, 127, 130, 131, 132, 133, 136, 138, 140, 141, 142, 143, 145, 148, 149, 153, 156, 157, 158, 161, 162, 163, 164, 165, 168, 169, 170, 171, 176, 178, 179, 181, 182, 183, 184, 186, 187, 189, 190, 193, 194, 195, 196, 198, 199, 200, 201, 202, 204, 205, 206, 207, 209, 211, 212, 213, 215, 217, 218, 219, 220, 222, 223, 225, 227, 228, 229, 230, 231, 232, 235, 236, 238, 239, 242, 243, 244, 245, 246, 248, 250, 254, 255, 258, 260, 261, 262, 264, 266, 267, 268, 270, 271, 273, 274, 277, 278, 280, 282, 284, 285, 286, 287, 289, 290, 291, 292, 293, 296, 297, 298, 299]
Total_Runtime: 0h 3m 19.17s
Best_Training_Loss: 0.0886339164115388
orig_Test_IDs: [6, 8, 11, 20, 21, 22, 24, 26, 30, 31, 32, 37, 42, 48, 49, 50, 52, 59, 62, 64, 72, 77, 78, 80, 83, 87, 88, 95, 98, 102, 103, 105, 107, 108, 109, 110, 113, 118, 121, 128, 129, 134, 135, 137, 139, 144, 146, 150, 151, 152, 154, 155, 159, 160, 166, 167, 172, 173, 174, 175, 177, 180, 185, 188, 191, 192, 197, 203, 210, 214, 216, 221, 224, 226, 233, 234, 237, 240, 241, 247, 249, 251, 252, 253, 256, 257, 263, 269, 272, 275, 279, 281, 283, 288, 294, 295, 300]
Random_Seed_Number: 1234
Best_Validation_Loss: 0.15226526136126892
Best_Epoch: 9982
Total_Epochs: 10000
Model_Architecture: Chain(Dense(7 => 28, celu), Dense(28 => 1))
Date_and_Time: 2024-10-23T13:52:15.516
Optimizer: Adam(0.0001)
Batch_Size: 4
