Model and Training Parameters:
Date_and_Time: 2024-11-22T21:21:31.988
Total_Runtime: 0h 0m 44.5s
Random_Seed_Number: 1234
Model_Architecture: Chain(Dense(7 => 28, celu), Dropout(0.4), Dense(28 => 28, celu), Dropout(0.4), Dense(28 => 150))
Optimizer: Adam(0.001)
Optimizer_FULL_Details: Leaf(Adam(0.001, (0.9, 0.999)
Batch_Size: 8
Total_Epochs: 1000
Best_Epoch: 968
Best_Training_Loss: 0.5839931904585979
Best_Validation_Loss: 0.5984678088499727
orig_Training_IDs: [1, 2, 4, 5, 6, 7, 8, 9, 10, 11, 14, 15, 16, 17, 19, 21, 22, 23, 27, 28, 29, 30, 31, 32, 33, 37, 38, 39, 40, 41, 42, 43, 45, 46, 47, 48, 49, 50, 51, 53, 56, 57, 58, 59, 60, 61, 62, 63, 64, 65, 66, 69, 71, 72, 74, 75, 76, 78, 80, 81, 82, 83, 84, 85, 86, 87, 88, 91, 92, 95, 97, 98, 99, 100, 101, 102, 103, 105, 107, 108, 109, 112, 113, 114, 115, 116, 117, 119, 121, 122, 123, 124, 126, 127, 129, 130, 131, 132, 133, 134, 135, 136, 137, 138, 139, 140, 141, 142, 145, 146, 148, 149, 150, 151, 152, 153, 155, 156, 157, 158, 159, 161, 163, 164, 167, 168, 170, 172, 175, 176, 178, 179, 180, 183, 184, 185, 187, 189, 190, 191, 192, 193, 194, 195, 196, 197, 198, 199, 200, 201, 202, 203, 204, 205, 206, 207, 208, 209, 210, 212, 214, 216, 217, 218, 219, 221, 225, 227, 229, 231, 232, 233, 234, 238, 240, 243, 246, 247, 248, 250, 251, 252, 254, 256, 258, 260, 261, 264, 266, 267, 268, 269, 273, 275, 277, 278, 280, 281, 283, 285, 286, 287, 289, 290, 291, 292, 295]
orig_Test_IDs: [12, 13, 24, 25, 26, 35, 36, 52, 67, 68, 70, 77, 79, 90, 93, 96, 104, 106, 110, 111, 118, 128, 143, 144, 154, 162, 166, 171, 173, 181, 182, 186, 188, 211, 224, 235, 239, 241, 244, 245, 257, 262, 265, 270, 271, 276, 282, 284, 293, 294, 296]
Sample_Ratio_Train_to_Val: 207/51
