Model and Training Parameters:
orig_Training_IDs: [1, 2, 3, 5, 6, 9, 12, 13, 14, 16, 19, 20, 21, 23, 24, 25, 26, 28, 29, 32, 34, 35, 36, 37, 40, 42, 43, 46, 47, 48, 50, 51, 58, 59, 60, 61, 62, 63, 66, 67, 68, 69, 70, 71, 72, 74, 75, 76, 77, 78, 79, 80, 82, 83, 85, 86, 87, 89, 90, 91, 92, 93, 94, 96, 97, 103, 105, 106, 109, 110, 111, 112, 113, 114, 117, 121, 122, 123, 124, 125, 127, 128, 129, 130, 133, 134, 138, 139, 140, 143, 144, 145, 148, 150, 152, 153, 154, 155, 157, 159, 160, 161, 163, 164, 166, 168, 172, 173, 174, 178, 180, 181, 182, 183, 184, 185, 186, 188, 192, 193, 195, 198, 199, 203, 204, 205, 207, 212, 213, 214, 215, 216, 217, 218, 220, 221, 222, 223, 224, 225, 226, 227, 228, 230, 231, 232, 234, 235, 236, 237, 238, 239, 240, 241, 243, 244, 245, 246, 247, 248, 249, 251, 252, 253, 254, 255, 256, 257, 258, 260, 262, 263, 264, 266, 267, 268, 269, 270, 272, 273, 274, 277, 278, 280, 281, 282, 283, 284, 285, 287, 288, 290, 296, 297, 300]
Model_Architecture: Chain(Dense(7 => 28, relu), Dense(28 => 500))
Date_and_Time: 2024-10-14T16:45:02.089
Optimizer: Adam(0.001)
Batch_Size: 8
Total_Epochs: 10000
orig_Test_IDs: [4, 7, 8, 10, 11, 15, 17, 18, 22, 27, 30, 31, 33, 39, 41, 44, 45, 49, 52, 53, 54, 55, 56, 57, 64, 65, 73, 81, 84, 88, 95, 98, 99, 101, 102, 104, 107, 108, 115, 116, 118, 119, 120, 131, 132, 135, 136, 137, 141, 142, 146, 149, 151, 156, 158, 162, 165, 167, 169, 170, 171, 175, 176, 177, 179, 187, 189, 190, 191, 194, 196, 197, 200, 201, 202, 206, 209, 210, 211, 219, 229, 233, 242, 250, 261, 271, 275, 279, 286, 289, 291, 292, 293, 294, 295, 298, 299]
Parameter_Ranges: [(0.013, 0.031), (0.09845150501672241, 0.233), (1.16, 1.48), (13.6, 31.4), (1.0, 2.5), (0.0, 90.0), (0.10167224080267559, 0.5983277591973244)]
