Model and Training Parameters:
orig_Training_IDs: [1, 3, 4, 6, 8, 9, 11, 12, 15, 16, 20, 22, 29, 32, 37, 38, 40, 43, 44, 49, 50, 51, 53, 54, 61, 63, 66, 67, 69, 70, 72, 74, 75, 77, 80, 86, 88, 89, 92, 95, 96, 98, 100, 107, 108, 109, 112, 113, 114, 118, 120, 121, 124, 125, 126, 127, 128, 131, 132, 133, 135, 136, 138, 139, 140, 141, 143, 145, 147, 148, 151, 152, 153, 157, 159, 160, 161, 162, 163, 167, 168, 170, 173, 174, 175, 177, 179, 180, 187, 188, 189, 190, 191, 192, 195, 196, 197, 199, 203, 204, 205, 207, 209, 210, 212, 213, 216, 221, 222, 223, 224, 225, 228, 230, 233, 234, 236, 237, 239, 240, 241, 243, 244, 246, 247, 248, 249, 251, 253, 254, 256, 257, 258, 260, 265, 267, 271, 272, 273, 277, 280, 282, 283, 284, 286, 288, 291, 292, 293, 298, 299, 300]
Best_Training_Loss: 0.35275615313785574
orig_Test_IDs: [5, 10, 19, 24, 26, 27, 30, 33, 36, 42, 45, 46, 47, 48, 52, 55, 56, 57, 58, 65, 71, 73, 76, 82, 91, 93, 94, 101, 111, 115, 116, 117, 122, 130, 142, 154, 158, 164, 169, 172, 184, 186, 194, 198, 200, 202, 206, 208, 214, 217, 218, 220, 227, 232, 235, 238, 245, 252, 259, 261, 262, 263, 264, 266, 269, 274, 276, 278, 281, 287, 289, 290, 294, 295, 296]
Parameter_Ranges: [(0.001, 0.1), (0.01, 0.5), (0.5, 2.0), (0.0, 0.8), (0.0026755852842809368, 0.8)]
Best_Validation_Loss: 0.413306188313155
Best_Epoch: 9301
Total_Epochs: 10000
Model_Architecture: Chain(Dense(5 => 20, relu), Dropout(0.2), Dense(20 => 20, relu), Dropout(0.2), Dense(20 => 200))
Date_and_Time: 2024-10-17T13:10:23.401
Optimizer: Adam(0.001)
Batch_Size: 8
