Model and Training Parameters:
Date_and_Time: 2024-10-27T23:28:38.712
Total_Runtime: 0h 3m 5.57s
Random_Seed_Number: 1234
Model_Architecture: Chain(Dense(5 => 20, celu), Dense(20 => 200))
Optimizer: Adam(0.001)
Optimizer_FULL_Details: Leaf(Adam(0.001, (0.9, 0.999)
Batch_Size: 4
Total_Epochs: 5000
Best_Epoch: 4991
Best_Training_Loss: 0.2570340881713214
Best_Validation_Loss: 0.4003295733641255
orig_Training_IDs: [2, 6, 10, 13, 17, 20, 21, 25, 26, 32, 33, 34, 39, 40, 44, 46, 49, 56, 57, 60, 61, 62, 65, 66, 71, 75, 76, 79, 80, 83, 84, 87, 88, 92, 96, 98, 102, 107, 109, 110, 112, 115, 116, 118, 119, 120, 122, 130, 131, 137, 138, 140, 147, 150]
orig_Test_IDs: [11, 29, 42, 55, 63, 73, 74, 77, 86, 93, 135, 136, 146]
Sample_Ratio_Train_to_Val: 54/13
