Model and Training Parameters:
Date_and_Time: 2024-10-26T23:07:32.033
Total_Runtime: 0h 2m 46.18s
Random_Seed_Number: 1234
Model_Architecture: Chain(Dense(5 => 20, celu), Dense(20 => 200))
Optimizer: Adam(0.001)
Optimizer_FULL_Details: Leaf(Adam(0.001, (0.9, 0.999)
Batch_Size: 8
Total_Epochs: 5000
Best_Epoch: 4989
Best_Training_Loss: 0.29993498522717776
Best_Validation_Loss: 0.4254965916630643
orig_Training_IDs: [2, 5, 11, 13, 15, 19, 20, 21, 22, 29, 30, 32, 33, 38, 40, 48, 55, 56, 57, 64, 66, 71, 72, 80, 81, 83, 85, 89, 93, 99, 103, 104, 109, 113, 114, 115, 117, 120, 121, 123, 124, 126, 129, 130, 135, 138, 139, 143, 144, 145, 147, 151, 155, 158, 159, 160, 169, 171, 173, 179, 192, 202, 204, 205, 206, 208, 219, 221, 222, 223, 229, 230, 232, 251, 257, 258, 261, 265, 269, 277, 281, 287, 289, 290, 296]
orig_Test_IDs: [12, 26, 27, 28, 43, 47, 50, 60, 65, 68, 70, 78, 79, 84, 88, 132, 133, 137, 153, 157, 185, 194, 196, 197, 199, 200, 209, 215, 224, 225, 228, 231, 240, 246, 247, 253, 263, 264, 268, 276, 282, 283]
Sample_Ratio_Train_to_Val: 85/42
