Model and Training Parameters:
Model_Architecture: Chain(Dense(7 => 28, relu), Dense(28 => 28, relu), Dense(28 => 500))
Training_IDs: [35, 60, 30, 67, 73, 272, 182, 164, 153, 253, 115, 64, 267, 139, 4, 13, 86, 168, 207, 242, 183, 224, 177, 52, 12, 111, 23, 264, 41, 43, 11, 68, 69, 82, 85, 130, 125, 119, 126, 108, 172, 66, 103, 280, 59, 2, 124, 27, 26, 261, 211, 144, 100, 257, 230, 200, 81, 20, 195, 79, 141, 278, 187, 213, 135, 9, 189, 109, 161, 107, 276, 46, 249, 57, 152, 247, 88, 129, 209, 236, 260, 78, 133, 72, 258, 184, 37, 137, 1, 83, 154, 22, 190, 201, 206, 14, 270, 33, 40, 245, 254, 165, 269, 5, 123, 55, 32, 136, 117, 45, 145, 233, 196, 262, 275, 210, 54, 244, 62, 158, 218, 176, 122, 28, 277, 92, 36, 98, 235, 204, 95, 25, 203, 76, 93, 34, 243, 50, 18, 194, 240, 167, 87, 42, 147, 140, 202, 157, 169, 132, 255, 19, 44, 266, 31, 217, 74, 61, 29, 212, 225, 228, 159, 21, 193, 229, 38, 163, 226, 101, 105, 223, 221, 53, 47, 166, 89, 214, 3, 80, 178, 149, 246, 155, 181, 143, 15, 97]
Date_and_Time: 2024-10-07T17:33:14.274
Optimizer: Adam(0.001)
Batch_Size: 8
Total_Epochs: 1000
Test_IDs: [56, 110, 220, 6, 234, 215, 219, 112, 185, 186, 251, 90, 263, 104, 179, 75, 171, 39, 77, 216, 71, 156, 208, 10, 127, 116, 273, 279, 227, 138, 222, 241, 170, 120, 238, 250, 24, 8, 252, 99, 121, 237, 281, 113, 231, 174, 142, 114, 265, 268, 197, 151, 239, 63, 191, 91, 205, 150, 58, 199, 173, 148, 256, 188, 118, 162, 84, 7, 232, 16, 248, 180, 160, 49, 146, 106, 94, 102, 128, 70, 259, 131, 192, 17, 271, 175, 198, 96, 51, 274, 48, 65, 134]
Parameter_Ranges: [(0.013, 0.031), (0.098, 0.233), (1.16, 1.48), (13.6, 31.4), (1.0133779264214047, 3.0), (0.0, 90.0), (0.10234113712374583, 0.8)]
