Model and Training Parameters:
Date_and_Time: 2024-10-28T21:03:07.447
Total_Runtime: 0h 16m 30.36s
Random_Seed_Number: 2431
Model_Architecture: Chain(Dense(5 => 20, celu), Dense(20 => 1))
Optimizer: Adam(0.0001)
Optimizer_FULL_Details: Leaf(Adam(0.0001, (0.9, 0.999)
Batch_Size: 4
Total_Epochs: 50000
Best_Epoch: 37324
Best_Training_Loss: 0.024597819721597015
Best_Validation_Loss: 0.03595888791525266
Huber_Loss_delta_param: 1
orig_Training_IDs: [5, 6, 11, 12, 13, 13, 17, 19, 20, 20, 21, 21, 22, 26, 26, 27, 29, 29, 32, 33, 34, 38, 40, 42, 43, 44, 46, 47, 48, 50, 55, 56, 56, 60, 60, 62, 64, 65, 66, 70, 71, 73, 74, 75, 76, 77, 78, 79, 79, 80, 81, 83, 83, 84, 84, 86, 87, 88, 89, 92, 96, 98, 99, 102, 103, 104, 109, 110, 112, 114, 115, 116, 117, 118, 119, 120, 123, 124, 126, 129, 130, 131, 135, 136, 137, 137, 138, 143, 146, 147, 150, 151, 153, 155, 157, 159, 160, 160, 171, 173, 176, 179, 184, 185, 188, 189, 190, 191, 195, 196, 199, 200, 202, 204, 205, 207, 209, 209, 211, 214, 215, 215, 219, 220, 221, 222, 222, 223, 225, 227, 228, 229, 230, 231, 232, 237, 240, 242, 246, 247, 248, 251, 255, 257, 258, 259, 260, 263, 264, 266, 268, 268, 269, 275, 276, 277, 277, 278, 279, 281, 283, 283, 285, 287, 289, 290, 290, 294, 296]
orig_Test_IDs: [2, 2, 28, 32, 33, 57, 65, 66, 68, 71, 72, 109, 115, 120, 130, 140, 147, 156, 158, 159, 169, 173, 179, 183, 187, 192, 194, 196, 199, 206, 208, 210, 212, 217, 219, 224, 241, 253, 256, 261, 265, 282]
Sample_Ratio_Train_to_Val: 169/42
