Model and Training Parameters:
orig_Training_IDs: [2, 3, 4, 6, 7, 8, 10, 11, 12, 16, 17, 18, 19, 21, 22, 23, 24, 25, 26, 27, 29, 30, 32, 33, 35, 40, 43, 44, 48, 51, 53, 54, 55, 58, 59, 60, 61, 62, 63, 64, 65, 70, 71, 72, 73, 74, 75, 77, 78, 81, 83, 84, 85, 86, 88, 89, 90, 91, 94, 95, 96, 101, 102, 103, 105, 106, 109, 113, 114, 116, 118, 119, 120, 121, 123, 125, 129, 130, 131, 132, 133, 134, 135, 136, 137, 138, 139, 140, 142, 143, 144, 145, 146, 148, 150, 153, 154, 156, 158, 159, 160, 161, 162, 163, 164, 165, 166, 168, 169, 170, 171, 172, 174, 176, 177, 179, 180, 182, 183, 184, 185, 186, 187, 190, 193, 194, 195, 196, 197, 198, 199, 200, 202, 203, 204, 206, 207, 209, 210, 212, 213, 214, 215, 216, 217, 218, 221, 224, 225, 227, 228, 230, 231, 232, 233, 234, 235, 237, 239, 240, 241, 242, 243, 244, 245, 246, 247, 248, 249, 253, 255, 261, 262, 263, 264, 267, 271, 272, 274, 275, 278, 279, 281, 282, 283, 284, 285, 286, 288, 289, 290, 291, 292, 294, 295]
Model_Architecture: Chain(Dense(7 => 28, relu), Dense(28 => 500))
Date_and_Time: 2024-10-11T16:04:30.356
Optimizer: Adam(0.001)
Batch_Size: 8
Total_Epochs: 10000
orig_Test_IDs: [1, 5, 9, 13, 14, 15, 20, 28, 31, 34, 36, 37, 39, 41, 42, 45, 46, 47, 49, 50, 52, 56, 57, 66, 67, 68, 69, 76, 79, 80, 82, 87, 92, 93, 97, 98, 99, 104, 107, 108, 110, 111, 112, 115, 117, 122, 124, 127, 128, 141, 149, 151, 152, 155, 157, 167, 173, 175, 178, 181, 188, 189, 191, 192, 201, 205, 211, 219, 220, 222, 223, 226, 229, 236, 238, 250, 251, 252, 254, 256, 257, 258, 260, 266, 268, 269, 270, 273, 277, 280, 287, 293, 296, 297, 298, 299, 300]
Parameter_Ranges: [(0.013, 0.031), (0.09845150501672241, 0.233), (1.16, 1.48), (13.6, 31.4), (1.0, 2.5), (0.0, 90.0), (0.10167224080267559, 0.5983277591973244)]
