Model and Training Parameters:
Model_Architecture: Chain(Dense(7 => 28), LayerNorm(28, relu), Dense(28 => 28), LayerNorm(28, relu), Dense(28 => 500))
Training_IDs: [56, 35, 110, 30, 6, 234, 219, 73, 272, 251, 164, 115, 186, 112, 185, 64, 253, 139, 4, 13, 86, 168, 263, 207, 104, 183, 177, 52, 12, 179, 111, 264, 41, 171, 11, 69, 68, 43, 130, 125, 216, 126, 172, 71, 156, 103, 280, 59, 124, 27, 26, 211, 261, 127, 116, 100, 257, 79, 230, 20, 195, 141, 278, 213, 135, 9, 189, 227, 222, 138, 109, 276, 107, 46, 249, 241, 170, 88, 209, 120, 250, 238, 78, 260, 72, 258, 24, 8, 184, 137, 83, 22, 206, 281, 14, 270, 40, 231, 245, 254, 165, 269, 5, 55, 123, 114, 136, 197, 117, 145, 45, 233, 196, 262, 275, 210, 239, 54, 63, 191, 62, 244, 218, 150, 122, 58, 199, 28, 173, 148, 188, 92, 277, 36, 235, 118, 162, 7, 25, 95, 203, 76, 34, 50, 243, 167, 42, 248, 202, 157, 169, 16, 180, 160, 19, 31, 217, 146, 74, 106, 61, 94, 212, 225, 128, 159, 259, 70, 21, 229, 38, 131, 226, 101, 105, 223, 17, 53, 175, 166, 198, 89, 274, 181, 155, 15, 65, 134]
Date_and_Time: 2024-10-08T11:06:03.064
Optimizer: Adam(0.001)
Batch_Size: 16
Total_Epochs: 1000
Test_IDs: [60, 220, 67, 215, 182, 153, 267, 90, 242, 224, 75, 23, 82, 85, 119, 39, 77, 108, 66, 208, 2, 10, 144, 273, 200, 81, 279, 187, 161, 57, 152, 247, 129, 236, 133, 37, 1, 154, 190, 201, 252, 99, 121, 237, 33, 113, 174, 142, 265, 268, 32, 151, 91, 205, 158, 176, 256, 98, 204, 84, 232, 93, 18, 194, 240, 147, 87, 132, 140, 255, 49, 44, 266, 29, 228, 102, 193, 163, 192, 221, 271, 47, 214, 3, 80, 96, 51, 178, 149, 246, 143, 48, 97]
Parameter_Ranges: [(0.013, 0.031), (0.098, 0.233), (1.16, 1.48), (13.6, 31.4), (1.0133779264214047, 3.0), (0.0, 90.0), (0.10234113712374583, 0.8)]
