Model and Training Parameters:
Date_and_Time: 2024-10-28T11:17:11.865
Total_Runtime: 0h 0m 50.06s
Random_Seed_Number: 1212
Model_Architecture: Chain(Dense(5 => 20, celu), Dense(20 => 150))
Optimizer: Adam(0.001)
Optimizer_FULL_Details: Leaf(Adam(0.001, (0.9, 0.999)
Batch_Size: 4
Total_Epochs: 5000
Best_Epoch: 4995
Best_Training_Loss: 0.20331406486351247
Best_Validation_Loss: 0.2566407199166115
orig_Training_IDs: [5, 13, 19, 20, 21, 22, 26, 27, 32, 33, 43, 47, 48, 50, 56, 57, 64, 66, 70, 71, 72, 78, 79, 81, 83, 84, 99, 103, 109, 114, 117, 124, 126, 129, 130, 137, 138, 143, 147, 151, 153, 155, 157, 158, 159, 160, 169, 171, 173, 179, 185, 192, 194, 196, 205, 208, 209, 215, 219, 221, 222, 223, 224, 225, 229, 230, 231, 232, 246, 247, 257, 258, 261, 263, 264, 268, 269, 276, 281, 282, 283, 287, 289, 290, 296]
orig_Test_IDs: [2, 12, 28, 29, 38, 60, 65, 68, 80, 89, 104, 115, 120, 123, 199, 200, 206, 240, 253, 265, 277]
Sample_Ratio_Train_to_Val: 85/21
