Model and Training Parameters:
Date_and_Time: 2024-11-21T16:57:29.687
Total_Runtime: 0h 0m 43.36s
Random_Seed_Number: 1234
Model_Architecture: Chain(Dense(7 => 28, celu), Dropout(0.4), Dense(28 => 28, celu), Dropout(0.4), Dense(28 => 150))
Optimizer: Adam(0.001)
Optimizer_FULL_Details: Leaf(Adam(0.001, (0.9, 0.999)
Batch_Size: 8
Total_Epochs: 1000
Best_Epoch: 990
Best_Training_Loss: 0.4772376199508455
Best_Validation_Loss: 0.4689488841473151
orig_Training_IDs: [1, 2, 3, 4, 5, 7, 9, 10, 13, 14, 15, 16, 17, 18, 19, 20, 21, 29, 31, 33, 34, 35, 36, 37, 42, 43, 45, 46, 47, 48, 50, 51, 53, 54, 56, 58, 59, 60, 62, 63, 65, 66, 67, 68, 70, 72, 73, 74, 76, 77, 79, 82, 83, 84, 88, 89, 90, 92, 93, 94, 95, 96, 99, 102, 103, 105, 107, 108, 109, 110, 111, 113, 114, 115, 116, 117, 118, 119, 121, 123, 125, 127, 130, 132, 134, 135, 136, 139, 140, 142, 143, 144, 145, 147, 148, 150, 151, 152, 153, 154, 155, 156, 157, 158, 159, 160, 164, 165, 166, 167, 168, 169, 170, 171, 174, 175, 176, 177, 179, 184, 185, 188, 189, 190, 194, 195, 196, 197, 201, 202, 204, 205, 207, 208, 212, 214, 215, 216, 217, 218, 219, 220, 222, 223, 224, 225, 227, 228, 229, 230, 231, 233, 234, 236, 237, 239, 240, 242, 243, 246, 247, 248, 249, 250, 251, 252, 254, 255, 256, 258, 260, 261, 262, 263, 265, 266, 267, 271, 276, 277, 280, 281, 283, 287, 288, 290, 291, 292, 297, 299, 301, 302, 304, 306, 307, 308, 310, 311, 312, 313, 317, 318, 320, 321, 322, 325, 326, 327, 328, 329, 330, 331, 332, 333, 335, 336, 338, 339, 340, 341, 342, 343, 345, 347, 348, 350, 351, 352, 354, 355, 356, 357, 360, 361, 362, 366, 368, 370, 371, 373, 374, 375, 376, 377, 378, 380, 382, 385, 387, 388, 389, 391, 392, 393, 394, 395, 399, 401, 403, 404, 405, 406, 408, 410, 413, 414, 416, 417, 419, 420, 423, 424, 427, 429, 432, 434, 435, 436, 437, 441, 443, 446, 447, 452, 454, 455, 458, 459, 462, 464, 470, 472, 473, 474, 475, 476, 477, 479, 481, 482, 483, 485, 487, 488, 490, 494, 495, 497, 499]
orig_Test_IDs: [6, 8, 12, 27, 28, 38, 40, 41, 61, 75, 78, 81, 100, 101, 112, 120, 124, 128, 129, 137, 138, 141, 146, 149, 161, 163, 172, 181, 183, 187, 191, 192, 203, 209, 210, 211, 232, 238, 253, 257, 259, 264, 274, 278, 284, 286, 294, 295, 305, 309, 314, 315, 319, 334, 344, 346, 349, 383, 386, 396, 402, 409, 411, 412, 426, 430, 440, 445, 450, 457, 461, 469, 478, 484, 486, 491, 496]
Sample_Ratio_Train_to_Val: 309/77
