Model and Training Parameters:
Date_and_Time: 2024-11-21T17:13:24.747
Total_Runtime: 0h 0m 43.67s
Random_Seed_Number: 1234
Model_Architecture: Chain(Dense(7 => 28, celu), Dropout(0.4), Dense(28 => 28, celu), Dropout(0.4), Dense(28 => 150))
Optimizer: Adam(0.001)
Optimizer_FULL_Details: Leaf(Adam(0.001, (0.9, 0.999)
Batch_Size: 8
Total_Epochs: 1000
Best_Epoch: 980
Best_Training_Loss: 0.4604343993579088
Best_Validation_Loss: 0.45005622191096445
orig_Training_IDs: [1, 2, 3, 4, 5, 7, 9, 10, 13, 14, 15, 16, 17, 18, 19, 20, 21, 29, 31, 33, 34, 35, 36, 37, 43, 45, 46, 47, 48, 50, 51, 53, 54, 56, 58, 59, 60, 62, 65, 66, 67, 68, 70, 72, 73, 74, 76, 77, 79, 81, 83, 88, 89, 90, 92, 93, 94, 95, 96, 99, 100, 101, 102, 107, 108, 109, 110, 111, 112, 113, 114, 116, 117, 118, 119, 120, 121, 123, 125, 127, 132, 134, 137, 139, 140, 141, 142, 145, 147, 149, 150, 151, 152, 154, 155, 157, 158, 159, 160, 161, 163, 164, 165, 166, 167, 168, 171, 172, 174, 175, 176, 177, 179, 181, 185, 187, 188, 189, 190, 194, 195, 197, 201, 202, 205, 207, 208, 209, 210, 211, 214, 215, 216, 217, 222, 223, 224, 225, 227, 228, 229, 230, 231, 232, 233, 234, 236, 237, 238, 239, 240, 243, 246, 247, 248, 250, 251, 252, 253, 254, 255, 256, 257, 258, 259, 260, 262, 263, 265, 267, 274, 276, 277, 278, 281, 283, 286, 287, 290, 291, 294, 295, 297, 302, 304, 305, 306, 307, 310, 311, 312, 313, 314, 318, 319, 320, 322, 325, 326, 327, 330, 331, 333, 334, 335, 336, 338, 339, 340, 341, 342, 343, 344, 345, 348, 349, 350, 351, 352, 354, 355, 356, 360, 362, 366, 370, 371, 373, 374, 375, 376, 377, 378, 380, 382, 383, 385, 386, 387, 388, 389, 391, 392, 393, 394, 395, 396, 399, 401, 403, 404, 405, 406, 408, 410, 411, 413, 416, 417, 420, 423, 424, 427, 429, 432, 435, 437, 440, 443, 446, 447, 450, 455, 459, 461, 464, 469, 470, 472, 473, 474, 475, 477, 478, 479, 481, 482, 483, 486, 487, 494, 495, 497, 499]
orig_Test_IDs: [6, 8, 12, 27, 28, 38, 40, 42, 63, 78, 82, 84, 103, 105, 115, 124, 130, 135, 136, 143, 144, 148, 153, 156, 169, 170, 184, 191, 192, 196, 203, 204, 212, 218, 219, 220, 242, 249, 261, 266, 271, 280, 288, 292, 299, 301, 308, 309, 317, 321, 328, 329, 332, 347, 357, 361, 368, 402, 414, 419, 430, 434, 436, 441, 452, 454, 457, 458, 462, 476, 485, 488, 490]
Sample_Ratio_Train_to_Val: 294/73
