Model and Training Parameters:
Model_Architecture: Chain(Dense(5 => 20, relu), Dense(20 => 20, relu), Dense(20 => 500))
Training_IDs: [5, 56, 55, 114, 35, 123, 110, 60, 234, 67, 136, 215, 145, 45, 117, 233, 219, 164, 196, 73, 185, 210, 139, 239, 13, 4, 54, 86, 191, 63, 104, 91, 62, 205, 158, 218, 176, 224, 150, 122, 52, 179, 12, 199, 177, 173, 75, 111, 148, 41, 171, 11, 69, 68, 36, 98, 235, 82, 130, 119, 162, 84, 77, 216, 95, 126, 108, 66, 103, 156, 232, 76, 34, 59, 93, 124, 10, 2, 26, 211, 167, 87, 144, 132, 147, 100, 157, 42, 200, 230, 20, 81, 195, 140, 141, 160, 19, 213, 49, 44, 135, 217, 138, 106, 222, 109, 61, 29, 161, 107, 46, 212, 225, 57, 102, 159, 70, 152, 21, 193, 38, 229, 129, 236, 131, 238, 226, 120, 192, 101, 78, 133, 72, 221, 24, 8, 17, 37, 137, 83, 47, 175, 190, 201, 22, 99, 121, 206, 198, 89, 14, 80, 96, 51, 149, 155, 143, 40, 48, 65]
Date_and_Time: 2024-09-30T21:22:06.957
Optimizer: Adam(0.001)
Batch_Size: 8
Total_Epochs: 5000
Test_IDs: [220, 30, 6, 182, 115, 153, 112, 64, 186, 90, 168, 207, 183, 23, 43, 85, 125, 39, 71, 172, 208, 27, 127, 116, 79, 187, 9, 189, 227, 170, 88, 209, 184, 1, 154, 237, 33, 113, 231, 174, 165, 142, 32, 197, 151, 58, 28, 188, 92, 204, 118, 7, 25, 203, 50, 18, 194, 169, 202, 16, 180, 31, 146, 74, 94, 228, 128, 163, 105, 223, 53, 166, 214, 3, 178, 181, 15, 97, 134]
Parameter_Ranges: [(0.001, 0.09966889632107025), (0.01, 0.5), (0.5, 2.0), (0.0026755852842809368, 0.8), (0.005351170568561873, 0.8)]
