Model and Training Parameters:
orig_Training_IDs: [3, 4, 6, 8, 9, 10, 12, 13, 21, 24, 26, 27, 29, 30, 32, 35, 36, 39, 40, 42, 43, 44, 45, 46, 47, 48, 49, 50, 53, 55, 57, 61, 63, 65, 69, 70, 71, 74, 75, 76, 77, 82, 83, 88, 89, 90, 91, 92, 93, 95, 96, 100, 101, 102, 103, 105, 107, 109, 111, 113, 115, 116, 117, 120, 122, 124, 126, 127, 128, 130, 132, 133, 135, 136, 139, 140, 141, 147, 148, 149, 151, 152, 154, 157, 159, 160, 161, 163, 166, 168, 169, 171, 172, 173, 174, 175, 177, 179, 180, 182, 184, 186, 188, 194, 197, 200, 202, 204, 205, 209, 210, 212, 213, 218, 221, 222, 224, 227, 228, 230, 231, 233, 234, 236, 237, 238, 239, 245, 247, 249, 251, 252, 253, 256, 257, 258, 259, 260, 261, 262, 263, 264, 265, 266, 267, 273, 274, 280, 281, 282, 283, 284, 286, 288, 292, 294, 296, 298, 299, 300]
Model_Architecture: Chain(Dense(5 => 20, relu), Dense(20 => 20, relu), Dense(20 => 500))
Date_and_Time: 2024-10-11T11:53:53.271
Optimizer: Adam(0.001)
Batch_Size: 8
Total_Epochs: 1000
orig_Test_IDs: [1, 5, 7, 11, 17, 19, 20, 22, 28, 31, 37, 51, 52, 54, 56, 58, 66, 72, 73, 80, 84, 85, 86, 94, 98, 110, 114, 118, 125, 129, 131, 142, 143, 145, 153, 158, 162, 164, 167, 170, 178, 185, 187, 189, 190, 191, 195, 198, 199, 203, 207, 214, 215, 216, 217, 220, 223, 225, 232, 240, 241, 243, 244, 246, 248, 254, 269, 270, 271, 272, 276, 277, 278, 279, 287, 290, 291, 293, 295]
Parameter_Ranges: [(0.001, 0.09966889632107025), (0.01, 0.5), (0.5, 2.0), (0.0026755852842809368, 0.8), (0.005351170568561873, 0.8)]
