Model and Training Parameters:
Date_and_Time: 2024-10-26T23:25:02.054
Total_Runtime: 0h 3m 10.08s
Random_Seed_Number: 1234
Model_Architecture: Chain(Dense(5 => 20, celu), Dense(20 => 200))
Optimizer: Adam(0.001)
Optimizer_FULL_Details: Leaf(Adam(0.001, (0.9, 0.999)
Batch_Size: 8
Total_Epochs: 5000
Best_Epoch: 4951
Best_Training_Loss: 0.23032136285868193
Best_Validation_Loss: 0.5399685398378495
orig_Training_IDs: [2, 5, 11, 13, 15, 19, 20, 21, 22, 27, 29, 30, 32, 33, 38, 40, 43, 48, 55, 56, 57, 64, 65, 66, 71, 72, 79, 80, 81, 83, 85, 88, 89, 93, 99, 103, 104, 109, 113, 114, 115, 117, 120, 121, 123, 124, 126, 129, 130, 137, 138, 139, 143, 144, 145, 147, 151, 153, 155, 157, 158, 159, 160, 169, 171, 173, 179, 185, 194, 200, 202, 204, 205, 206, 208, 209, 215, 221, 222, 223, 224, 225, 231, 232, 240, 246, 253, 258, 261, 263, 264, 265, 269, 276, 277, 281, 287, 289, 290, 296]
orig_Test_IDs: [12, 26, 28, 47, 50, 60, 68, 70, 78, 84, 132, 135, 192, 196, 197, 199, 219, 229, 230, 247, 257, 268, 282, 283]
Sample_Ratio_Train_to_Val: 100/24
