Model and Training Parameters:
Model_Architecture: Chain(Dense(7 => 28, relu), Dense(28 => 500))
Training_IDs: [35, 220, 6, 73, 251, 164, 153, 186, 112, 115, 253, 64, 185, 267, 90, 86, 168, 263, 104, 242, 183, 224, 177, 12, 23, 41, 43, 11, 171, 82, 130, 119, 125, 39, 77, 216, 126, 172, 71, 108, 103, 156, 208, 59, 124, 10, 211, 26, 144, 100, 273, 257, 230, 279, 81, 200, 195, 20, 141, 278, 187, 213, 135, 138, 161, 46, 249, 57, 152, 247, 209, 129, 236, 120, 250, 238, 260, 78, 24, 8, 37, 154, 83, 22, 190, 201, 99, 237, 121, 281, 14, 270, 33, 113, 231, 245, 165, 142, 5, 114, 55, 268, 32, 136, 117, 197, 145, 262, 275, 151, 239, 54, 62, 205, 218, 176, 150, 122, 58, 199, 28, 173, 256, 36, 98, 235, 204, 118, 84, 95, 203, 7, 93, 34, 243, 50, 194, 240, 167, 42, 87, 248, 147, 202, 169, 16, 255, 19, 49, 266, 31, 61, 94, 29, 225, 228, 128, 159, 259, 21, 229, 38, 193, 131, 226, 192, 101, 223, 105, 221, 17, 53, 47, 175, 198, 166, 214, 3, 178, 80, 51, 149, 155, 181, 246, 143, 97, 134]
Date_and_Time: 2024-10-07T17:36:05.179
Optimizer: Adam(0.001)
Batch_Size: 8
Total_Epochs: 1000
Test_IDs: [56, 110, 60, 30, 67, 234, 215, 219, 272, 182, 139, 4, 13, 207, 52, 179, 75, 111, 264, 68, 69, 85, 66, 280, 2, 27, 261, 127, 116, 79, 9, 189, 227, 222, 109, 107, 276, 241, 170, 88, 133, 72, 258, 184, 1, 137, 252, 206, 40, 174, 254, 269, 123, 265, 45, 233, 196, 210, 63, 191, 91, 244, 158, 148, 188, 92, 277, 162, 25, 76, 232, 18, 132, 140, 157, 180, 160, 44, 217, 146, 74, 106, 212, 102, 70, 163, 271, 89, 96, 274, 48, 15, 65]
Parameter_Ranges: [(0.013, 0.031), (0.098, 0.233), (1.16, 1.48), (13.6, 31.4), (1.0133779264214047, 3.0), (0.0, 90.0), (0.10234113712374583, 0.8)]
