Model and Training Parameters:
Date_and_Time: 2024-10-26T22:49:27.264
Total_Runtime: 0h 4m 12.66s
Random_Seed_Number: 1234
Model_Architecture: Chain(Dense(5 => 20, celu), Dense(20 => 200))
Optimizer: Adam(0.001)
Optimizer_FULL_Details: Leaf(Adam(0.001, (0.9, 0.999)
Batch_Size: 8
Total_Epochs: 5000
Best_Epoch: 4838
Best_Training_Loss: 0.3094095389095399
Best_Validation_Loss: 0.6610983365556375
orig_Training_IDs: [2, 5, 11, 12, 13, 15, 19, 20, 21, 22, 29, 30, 32, 33, 38, 40, 48, 55, 56, 57, 64, 66, 71, 72, 80, 81, 83, 85, 88, 89, 93, 99, 104, 109, 113, 114, 115, 117, 120, 121, 123, 124, 126, 129, 133, 137, 138, 139, 143, 144, 145, 147, 153, 157, 158, 159, 160, 169, 171, 173, 185, 200, 202, 205, 206, 208, 215, 219, 223, 228, 230, 231, 240, 246, 247, 253, 254, 257, 258, 263, 268, 276, 277, 281, 282, 289, 290]
orig_Test_IDs: [26, 27, 28, 43, 47, 50, 60, 65, 68, 70, 78, 79, 84, 87, 103, 130, 132, 135, 151, 155, 179, 192, 194, 196, 197, 199, 204, 209, 221, 222, 224, 225, 229, 232, 241, 251, 261, 264, 265, 269, 283, 287, 296]
Sample_Ratio_Train_to_Val: 87/43
