Model and Training Parameters:
Date_and_Time: 2024-11-22T21:26:20.988
Total_Runtime: 0h 0m 26.45s
Random_Seed_Number: 1234
Model_Architecture: Chain(Dense(7 => 28, celu), Dropout(0.4), Dense(28 => 28, celu), Dropout(0.4), Dense(28 => 150))
Optimizer: Adam(0.001)
Optimizer_FULL_Details: Leaf(Adam(0.001, (0.9, 0.999)
Batch_Size: 8
Total_Epochs: 1000
Best_Epoch: 979
Best_Training_Loss: 0.5791777673475956
Best_Validation_Loss: 0.5921275849142902
orig_Training_IDs: [1, 2, 4, 5, 6, 7, 8, 9, 10, 11, 14, 15, 16, 17, 19, 21, 22, 23, 27, 28, 29, 30, 31, 32, 33, 37, 38, 39, 40, 41, 42, 43, 45, 46, 47, 48, 49, 50, 51, 53, 56, 57, 58, 59, 60, 61, 62, 63, 64, 65, 66, 70, 72, 74, 75, 76, 77, 79, 81, 82, 83, 84, 85, 86, 87, 88, 90, 92, 93, 97, 99, 100, 101, 102, 103, 105, 106, 108, 110, 111, 112, 115, 116, 117, 118, 121, 123, 124, 126, 127, 128, 129, 130, 132, 133, 135, 136, 137, 138, 139, 140, 141, 142, 144, 145, 146, 150, 151, 152, 153, 154, 155, 156, 157, 159, 161, 162, 163, 164, 166, 168, 170, 172, 173, 175, 178, 180, 181, 182, 183, 184, 188, 189, 190, 192, 194, 195, 196, 197, 198, 199, 200, 201, 202, 203, 204, 205, 206, 207, 208, 209, 210, 211, 212, 214, 216, 217, 219, 221, 224, 225, 227, 229, 231, 233, 234, 238, 239, 240, 241, 243, 246, 248, 251, 256, 257, 258, 260, 261, 264, 266, 267, 268, 269, 271, 273, 275, 276, 277, 278, 283, 284, 285, 286, 287, 289, 290, 293, 294, 295]
orig_Test_IDs: [12, 13, 24, 25, 26, 35, 36, 52, 67, 69, 71, 78, 80, 91, 95, 98, 107, 109, 113, 114, 119, 122, 131, 134, 148, 149, 158, 167, 171, 176, 179, 185, 187, 191, 193, 218, 232, 245, 247, 250, 252, 254, 262, 270, 280, 281, 282, 291, 292, 296]
Sample_Ratio_Train_to_Val: 200/50
