Model and Training Parameters:
orig_Training_IDs: [4, 5, 6, 10, 15, 16, 19, 20, 22, 24, 27, 29, 30, 32, 36, 37, 40, 43, 44, 45, 46, 47, 48, 50, 51, 52, 53, 54, 56, 58, 61, 63, 65, 67, 69, 70, 71, 73, 74, 75, 76, 77, 80, 82, 88, 89, 91, 92, 93, 95, 96, 98, 100, 107, 108, 109, 111, 112, 113, 114, 118, 120, 121, 122, 127, 130, 131, 132, 133, 135, 136, 140, 143, 145, 147, 152, 154, 158, 159, 160, 161, 162, 163, 173, 175, 180, 184, 188, 191, 192, 196, 197, 198, 199, 200, 202, 203, 204, 210, 214, 216, 217, 218, 220, 221, 224, 225, 230, 234, 235, 237, 238, 239, 240, 241, 243, 244, 246, 247, 249, 256, 257, 258, 259, 260, 262, 263, 264, 265, 266, 267, 269, 271, 274, 277, 278, 280, 281, 282, 283, 286, 287, 288, 289, 290, 291, 293, 294, 295, 296, 298, 299]
Best_Training_Loss: 0.19496770343045294
orig_Test_IDs: [1, 3, 8, 9, 11, 12, 26, 33, 38, 42, 49, 55, 57, 66, 72, 86, 94, 101, 115, 116, 117, 124, 125, 126, 128, 138, 139, 141, 142, 148, 151, 153, 157, 164, 167, 168, 169, 170, 172, 174, 177, 179, 186, 187, 189, 190, 194, 195, 205, 206, 207, 208, 209, 212, 213, 222, 223, 227, 228, 232, 233, 236, 245, 248, 251, 252, 253, 254, 261, 272, 273, 276, 284, 292, 300]
Parameter_Ranges: [(0.001, 0.1), (0.01, 0.5), (0.5, 2.0), (0.0, 0.8), (0.0026755852842809368, 0.8)]
Best_Validation_Loss: 0.24002946714108575
Best_Epoch: 19219
Total_Epochs: 20000
Model_Architecture: Chain(Dense(5 => 20, celu), Dropout(0.2), Dense(20 => 20, celu), Dropout(0.2), Dense(20 => 200))
Date_and_Time: 2024-10-17T14:14:00.392
Optimizer: Adam(0.001)
Batch_Size: 8
