Model and Training Parameters:
orig_Training_IDs: [1, 3, 4, 5, 6, 7, 8, 9, 10, 12, 13, 14, 15, 16, 17, 21, 22, 23, 25, 26, 28, 29, 30, 31, 32, 33, 34, 39, 40, 41, 42, 44, 45, 46, 47, 48, 49, 50, 51, 53, 54, 55, 58, 59, 62, 63, 65, 66, 67, 68, 69, 71, 75, 76, 77, 79, 80, 81, 83, 85, 87, 88, 89, 90, 91, 95, 96, 97, 98, 101, 102, 103, 105, 106, 107, 109, 111, 113, 116, 117, 118, 119, 123, 125, 129, 131, 132, 137, 138, 139, 141, 142, 143, 146, 150, 151, 152, 153, 157, 158, 159, 160, 162, 163, 164, 165, 166, 167, 170, 172, 173, 174, 176, 177, 180, 182, 184, 186, 187, 189, 190, 191, 192, 194, 196, 197, 198, 199, 200, 201, 203, 204, 205, 206, 210, 211, 213, 214, 217, 219, 221, 223, 224, 225, 226, 227, 229, 230, 231, 233, 234, 235, 236, 237, 238, 239, 241, 242, 244, 247, 250, 251, 252, 253, 254, 255, 256, 257, 258, 261, 263, 267, 268, 269, 270, 272, 275, 277, 279, 281, 282, 283, 284, 285, 286, 287, 288, 289, 291, 293, 294, 296, 297, 298, 300]
Model_Architecture: Chain(Dense(7 => 28, relu), Dense(28 => 28, relu), Dense(28 => 500))
Date_and_Time: 2024-10-11T11:41:44.288
Optimizer: Adam(0.001)
Batch_Size: 8
Total_Epochs: 1000
orig_Test_IDs: [2, 11, 18, 19, 20, 24, 27, 35, 36, 37, 43, 52, 56, 57, 60, 61, 64, 70, 72, 73, 74, 78, 82, 84, 86, 92, 93, 94, 99, 104, 108, 110, 112, 114, 115, 120, 121, 122, 124, 127, 128, 130, 133, 134, 135, 136, 140, 144, 145, 148, 149, 154, 155, 156, 161, 168, 169, 171, 175, 178, 179, 181, 183, 185, 188, 193, 195, 202, 207, 209, 212, 215, 216, 218, 220, 222, 228, 232, 240, 243, 245, 246, 248, 249, 260, 262, 264, 266, 271, 273, 274, 278, 280, 290, 292, 295, 299]
Parameter_Ranges: [(0.013, 0.031), (0.09845150501672241, 0.233), (1.16, 1.48), (13.6, 31.4), (1.0, 2.5), (0.0, 90.0), (0.10167224080267559, 0.5983277591973244)]
