Model and Training Parameters:
Date_and_Time: 2024-11-22T21:27:50.312
Total_Runtime: 0h 0m 26.82s
Random_Seed_Number: 4321
Model_Architecture: Chain(Dense(7 => 28, celu), Dropout(0.4), Dense(28 => 28, celu), Dropout(0.4), Dense(28 => 150))
Optimizer: Adam(0.001)
Optimizer_FULL_Details: Leaf(Adam(0.001, (0.9, 0.999)
Batch_Size: 8
Total_Epochs: 1000
Best_Epoch: 974
Best_Training_Loss: 0.5593994957982652
Best_Validation_Loss: 0.666295457183829
orig_Training_IDs: [1, 2, 4, 5, 6, 7, 8, 9, 11, 12, 13, 14, 15, 16, 21, 22, 24, 25, 26, 27, 29, 30, 31, 32, 33, 35, 36, 37, 38, 40, 41, 43, 45, 46, 47, 48, 51, 53, 56, 57, 58, 59, 60, 61, 62, 64, 65, 66, 67, 69, 70, 71, 74, 75, 76, 77, 78, 79, 80, 81, 84, 85, 86, 87, 88, 90, 91, 92, 93, 97, 99, 100, 101, 102, 105, 106, 107, 109, 110, 111, 112, 114, 115, 116, 117, 118, 119, 122, 123, 124, 126, 127, 129, 130, 132, 133, 135, 136, 137, 138, 139, 140, 141, 142, 144, 145, 146, 148, 149, 150, 151, 152, 153, 154, 155, 157, 158, 159, 161, 162, 164, 166, 167, 168, 170, 172, 173, 175, 176, 180, 181, 182, 183, 185, 187, 188, 189, 190, 191, 192, 193, 194, 195, 196, 198, 199, 201, 202, 203, 204, 205, 206, 208, 210, 212, 214, 217, 218, 219, 221, 224, 225, 227, 229, 231, 232, 238, 239, 240, 241, 243, 246, 247, 248, 250, 251, 252, 254, 256, 257, 258, 260, 261, 262, 264, 266, 267, 269, 270, 271, 276, 277, 280, 281, 285, 289, 290, 291, 293, 294]
orig_Test_IDs: [10, 17, 19, 23, 28, 39, 42, 49, 50, 52, 63, 72, 82, 83, 95, 98, 103, 108, 113, 121, 128, 131, 134, 156, 163, 171, 178, 179, 184, 197, 200, 207, 209, 211, 216, 233, 234, 245, 268, 273, 275, 278, 282, 283, 284, 286, 287, 292, 295, 296]
Sample_Ratio_Train_to_Val: 200/50
