Model and Training Parameters:
Date_and_Time: 2024-10-27T23:37:03.768
Total_Runtime: 0h 1m 53.76s
Random_Seed_Number: 4321
Model_Architecture: Chain(Dense(5 => 20, celu), Dense(20 => 200))
Optimizer: Adam(0.001)
Optimizer_FULL_Details: Leaf(Adam(0.001, (0.9, 0.999)
Batch_Size: 4
Total_Epochs: 5000
Best_Epoch: 4962
Best_Training_Loss: 0.24437545228012553
Best_Validation_Loss: 0.3523452356731296
orig_Training_IDs: [2, 6, 10, 11, 13, 17, 20, 21, 32, 33, 34, 39, 40, 44, 46, 56, 60, 62, 65, 66, 71, 73, 74, 75, 76, 77, 79, 83, 84, 87, 88, 92, 93, 96, 98, 107, 109, 110, 115, 116, 118, 119, 120, 122, 131, 135, 136, 137, 138, 140, 146, 147]
orig_Test_IDs: [25, 26, 29, 42, 55, 61, 63, 80, 86, 102, 112, 130, 150]
Sample_Ratio_Train_to_Val: 52/13
